4.00 , 1300.70
4.00 , 1300.70
6.00 , 1300.70
4.00 , 1300.70
5.00 , 1316.70
5.00 , 1316.70
5.00 , 1316.70
6.00 , 1316.70
6.00 , 1316.70
6.00 , 1316.70
6.00 , 1316.70
6.00 , 1331.70
6.00 , 1331.70
7.00 , 1331.70
8.00 , 1331.70
9.00 , 1331.70
8.00 , 1331.70
8.00 , 1331.70
8.00 , 1340.40
8.00 , 1340.40
9.00 , 1340.40
9.00 , 1340.40
9.00 , 1340.40
10.00 , 1340.40
9.00 , 1340.40
9.00 , 1352.70
10.00 , 1352.70
11.00 , 1352.70
11.00 , 1352.70
11.00 , 1352.70
11.00 , 1352.70
12.00 , 1353.10
12.00 , 1353.10
12.00 , 1353.10
12.00 , 1353.10
13.00 , 1353.10
13.00 , 1353.10
14.00 , 1353.10
14.00 , 1356.40
14.00 , 1356.40
14.00 , 1356.40
15.00 , 1356.40
15.00 , 1356.40
15.00 , 1356.40
15.00 , 1362.70
14.00 , 1362.70
16.00 , 1362.70
15.00 , 1362.70
16.00 , 1362.70
16.00 , 1362.70
16.00 , 1362.70
16.00 , 1367.70
16.00 , 1367.70
16.00 , 1367.70
16.00 , 1367.70
16.00 , 1367.70
16.00 , 1367.70
16.00 , 1367.70
15.00 , 1382.30
16.00 , 1382.30
16.00 , 1382.30
17.00 , 1382.30
16.00 , 1382.30
16.00 , 1382.30
16.00 , 1386.70
16.00 , 1386.70
17.00 , 1386.70
16.00 , 1386.70
16.00 , 1386.70
16.00 , 1386.70
16.00 , 1386.70
16.00 , 1396.00
16.00 , 1396.00
16.00 , 1396.00
16.00 , 1396.00
16.00 , 1396.00
15.00 , 1396.00
15.00 , 1396.00
15.00 , 1410.30
15.00 , 1410.30
15.00 , 1410.30
15.00 , 1410.30
15.00 , 1410.30
15.00 , 1410.30
15.00 , 1420.00
15.00 , 1420.00
15.00 , 1420.00
16.00 , 1420.00
15.00 , 1420.00
15.00 , 1420.00
15.00 , 1420.00
15.00 , 1430.00
15.00 , 1430.00
15.00 , 1430.00
15.00 , 1430.00
14.00 , 1430.00
14.00 , 1430.00
16.00 , 1434.70
15.00 , 1434.70
15.00 , 1434.70
15.00 , 1434.70
16.00 , 1434.70
16.00 , 1434.70
16.00 , 1444.00
16.00 , 1444.00
16.00 , 1444.00
16.00 , 1444.00
16.00 , 1444.00
17.00 , 1444.00
17.00 , 1444.00
17.00 , 1447.70
17.00 , 1447.70
17.00 , 1447.70
17.00 , 1447.70
18.00 , 1447.70
18.00 , 1447.70
18.00 , 1450.70
18.00 , 1450.70
18.00 , 1450.70
19.00 , 1450.70
18.00 , 1450.70
19.00 , 1450.70
19.00 , 1452.70
19.00 , 1452.70
19.00 , 1452.70
20.00 , 1452.70
20.00 , 1452.70
20.00 , 1452.70
20.00 , 1453.70
20.00 , 1453.70
20.00 , 1453.70
20.00 , 1453.70
21.00 , 1453.70
20.00 , 1453.70
20.00 , 1453.70
20.00 , 1459.00
21.00 , 1459.00
19.00 , 1459.00
21.00 , 1459.00
22.00 , 1459.00
21.00 , 1459.00
21.00 , 1459.00
21.00 , 1458.70
21.00 , 1458.70
21.00 , 1458.70
21.00 , 1458.70
21.00 , 1458.70
21.00 , 1458.70
21.00 , 1463.00
21.00 , 1463.00
21.00 , 1463.00
21.00 , 1463.00
21.00 , 1463.00
21.00 , 1463.00
21.00 , 1463.00
20.00 , 1472.30
21.00 , 1472.30
21.00 , 1472.30
21.00 , 1472.30
21.00 , 1472.30
20.00 , 1472.30
20.00 , 1477.00
21.00 , 1477.00
20.00 , 1477.00
20.00 , 1477.00
20.00 , 1477.00
20.00 , 1477.00
20.00 , 1482.00
20.00 , 1482.00
20.00 , 1482.00
20.00 , 1482.00
20.00 , 1482.00
19.00 , 1482.00
20.00 , 1482.00
20.00 , 1487.00
19.00 , 1487.00
19.00 , 1487.00
19.00 , 1487.00
19.00 , 1487.00
19.00 , 1487.00
20.00 , 1492.00
20.00 , 1492.00
19.00 , 1492.00
19.00 , 1492.00
19.00 , 1492.00
19.00 , 1492.00
19.00 , 1502.30
20.00 , 1502.30
19.00 , 1502.30
20.00 , 1502.30
20.00 , 1502.30
19.00 , 1502.30
20.00 , 1502.70
19.00 , 1502.70
19.00 , 1502.70
20.00 , 1502.70
19.00 , 1502.70
20.00 , 1502.70
20.00 , 1502.70
20.00 , 1508.00
20.00 , 1508.00
20.00 , 1508.00
20.00 , 1508.00
21.00 , 1508.00
21.00 , 1508.00
20.00 , 1508.00
21.00 , 1507.70
20.00 , 1507.70
20.00 , 1507.70
21.00 , 1507.70
21.00 , 1507.70
21.00 , 1507.70
21.00 , 1512.00
22.00 , 1512.00
22.00 , 1512.00
22.00 , 1512.00
22.00 , 1512.00
22.00 , 1512.00
22.00 , 1512.00
22.00 , 1510.70
23.00 , 1510.70
22.00 , 1510.70
22.00 , 1510.70
22.00 , 1510.70
22.00 , 1510.70
22.00 , 1514.00
21.00 , 1514.00
23.00 , 1514.00
22.00 , 1514.00
23.00 , 1514.00
23.00 , 1514.00
22.00 , 1517.00
23.00 , 1517.00
23.00 , 1517.00
23.00 , 1517.00
22.00 , 1517.00
22.00 , 1517.00
22.00 , 1517.00
23.00 , 1514.70
23.00 , 1514.70
22.00 , 1514.70
23.00 , 1514.70
22.00 , 1514.70
23.00 , 1514.70
22.00 , 1522.30
23.00 , 1522.30
22.00 , 1522.30
22.00 , 1522.30
22.00 , 1522.30
21.00 , 1522.30
22.00 , 1522.30
22.00 , 1525.00
22.00 , 1525.00
22.00 , 1525.00
22.00 , 1525.00
22.00 , 1525.00
21.00 , 1525.00
22.00 , 1525.00
22.00 , 1528.00
22.00 , 1528.00
21.00 , 1528.00
21.00 , 1528.00
21.00 , 1528.00
22.00 , 1528.00
21.00 , 1536.30
21.00 , 1536.30
22.00 , 1536.30
21.00 , 1536.30
22.00 , 1536.30
21.00 , 1536.30
21.00 , 1536.30
21.00 , 1540.00
21.00 , 1540.00
21.00 , 1540.00
22.00 , 1540.00
17.00 , 1540.00
21.00 , 1540.00
22.00 , 1540.00
21.00 , 1544.00
22.00 , 1544.00
22.00 , 1544.00
22.00 , 1544.00
21.00 , 1544.00
22.00 , 1544.00
21.00 , 1548.00
22.00 , 1548.00
22.00 , 1548.00
22.00 , 1548.00
22.00 , 1548.00
22.00 , 1548.00
22.00 , 1548.00
23.00 , 1541.40
23.00 , 1541.40
22.00 , 1541.40
22.00 , 1541.40
22.00 , 1541.40
22.00 , 1541.40
22.00 , 1549.30
23.00 , 1549.30
22.00 , 1549.30
22.00 , 1549.30
23.00 , 1549.30
22.00 , 1549.30
22.00 , 1552.00
22.00 , 1552.00
22.00 , 1552.00
22.00 , 1552.00
22.00 , 1552.00
22.00 , 1552.00
22.00 , 1552.00
22.00 , 1555.00
22.00 , 1555.00
22.00 , 1555.00
22.00 , 1555.00
23.00 , 1555.00
22.00 , 1555.00
22.00 , 1558.00
22.00 , 1558.00
22.00 , 1558.00
22.00 , 1558.00
22.00 , 1558.00
22.00 , 1558.00
23.00 , 1555.70
22.00 , 1555.70
22.00 , 1555.70
22.00 , 1555.70
23.00 , 1555.70
23.00 , 1555.70
23.00 , 1558.00
23.00 , 1558.00
22.00 , 1558.00
23.00 , 1558.00
23.00 , 1558.00
23.00 , 1558.00
23.00 , 1558.00
23.00 , 1560.00
23.00 , 1560.00
23.00 , 1560.00
23.00 , 1560.00
23.00 , 1560.00
23.00 , 1560.00
24.00 , 1560.00
23.00 , 1562.00
23.00 , 1562.00
24.00 , 1562.00
23.00 , 1562.00
24.00 , 1562.00
24.00 , 1562.00
24.00 , 1558.70
24.00 , 1558.70
24.00 , 1558.70
24.00 , 1558.70
23.00 , 1558.70
24.00 , 1558.70
23.00 , 1558.70
23.00 , 1565.30
23.00 , 1565.30
23.00 , 1565.30
24.00 , 1565.30
23.00 , 1565.30
24.00 , 1565.30
23.00 , 1567.00
24.00 , 1567.00
24.00 , 1567.00
23.00 , 1567.00
23.00 , 1567.00
23.00 , 1567.00
24.00 , 1563.70
23.00 , 1563.70
24.00 , 1563.70
23.00 , 1563.70
23.00 , 1563.70
23.00 , 1563.70
24.00 , 1563.70
23.00 , 1570.30
23.00 , 1570.30
23.00 , 1570.30
23.00 , 1570.30
23.00 , 1570.30
23.00 , 1570.30
23.00 , 1572.00
23.00 , 1572.00
23.00 , 1572.00
23.00 , 1572.00
23.00 , 1572.00
23.00 , 1572.00
23.00 , 1574.00
23.00 , 1574.00
23.00 , 1574.00
24.00 , 1574.00
23.00 , 1574.00
23.00 , 1574.00
23.00 , 1576.00
23.00 , 1576.00
23.00 , 1576.00
24.00 , 1576.00
27.00 , 1576.00
23.00 , 1576.00
23.00 , 1576.00
23.00 , 1578.00
23.00 , 1578.00
23.00 , 1578.00
23.00 , 1578.00
23.00 , 1578.00
23.00 , 1578.00
24.00 , 1578.00
23.00 , 1580.00
23.00 , 1580.00
24.00 , 1580.00
23.00 , 1580.00
23.00 , 1580.00
23.00 , 1580.00
23.00 , 1582.00
23.00 , 1582.00
23.00 , 1582.00
23.00 , 1582.00
23.00 , 1582.00
24.00 , 1582.00
24.00 , 1582.00
23.00 , 1584.00
23.00 , 1584.00
24.00 , 1584.00
24.00 , 1584.00
23.00 , 1584.00
24.00 , 1584.00
23.00 , 1586.00
23.00 , 1586.00
23.00 , 1586.00
24.00 , 1586.00
23.00 , 1586.00
24.00 , 1586.00
23.00 , 1588.00
23.00 , 1588.00
24.00 , 1588.00
24.00 , 1588.00
24.00 , 1588.00
23.00 , 1588.00
23.00 , 1588.00
24.00 , 1584.70
24.00 , 1584.70
24.00 , 1584.70
24.00 , 1584.70
22.00 , 1584.70
24.00 , 1584.70
23.00 , 1591.30
23.00 , 1591.30
23.00 , 1591.30
23.00 , 1591.30
23.00 , 1591.30
24.00 , 1591.30
24.00 , 1591.30
24.00 , 1587.70
24.00 , 1587.70
23.00 , 1587.70
24.00 , 1587.70
24.00 , 1587.70
23.00 , 1587.70
24.00 , 1587.70
24.00 , 1589.00
23.00 , 1589.00
23.00 , 1589.00
24.00 , 1589.00
23.00 , 1589.00
24.00 , 1589.00
23.00 , 1595.30
24.00 , 1595.30
24.00 , 1595.30
23.00 , 1595.30
23.00 , 1595.30
24.00 , 1595.30
23.00 , 1595.30
23.00 , 1597.00
23.00 , 1597.00
23.00 , 1597.00
24.00 , 1597.00
23.00 , 1597.00
23.00 , 1597.00
24.00 , 1597.00
23.00 , 1599.00
24.00 , 1599.00
23.00 , 1599.00
24.00 , 1599.00
24.00 , 1599.00
24.00 , 1599.00
24.00 , 1595.70
25.00 , 1595.70
23.00 , 1595.70
27.00 , 1595.70
24.00 , 1595.70
23.00 , 1595.70
24.00 , 1595.70
23.00 , 1602.30
23.00 , 1602.30
24.00 , 1602.30
24.00 , 1602.30
24.00 , 1602.30
24.00 , 1602.30
24.00 , 1598.70
24.00 , 1598.70
24.00 , 1598.70
24.00 , 1598.70
24.00 , 1598.70
24.00 , 1598.70
24.00 , 1600.00
24.00 , 1600.00
24.00 , 1600.00
24.00 , 1600.00
24.00 , 1600.00
23.00 , 1600.00
24.00 , 1600.00
24.00 , 1601.00
24.00 , 1601.00
24.00 , 1601.00
24.00 , 1601.00
24.00 , 1601.00
24.00 , 1601.00
24.00 , 1602.00
24.00 , 1602.00
24.00 , 1602.00
24.00 , 1602.00
24.00 , 1602.00
24.00 , 1602.00
24.00 , 1603.00
24.00 , 1603.00
24.00 , 1603.00
24.00 , 1603.00
24.00 , 1603.00
24.00 , 1603.00
24.00 , 1604.00
25.00 , 1604.00
24.00 , 1604.00
24.00 , 1604.00
25.00 , 1604.00
24.00 , 1604.00
24.00 , 1604.00
24.00 , 1605.00
24.00 , 1605.00
24.00 , 1605.00
24.00 , 1605.00
24.00 , 1605.00
25.00 , 1605.00
24.00 , 1605.00
25.00 , 1600.70
24.00 , 1600.70
24.00 , 1600.70
25.00 , 1600.70
24.00 , 1600.70
25.00 , 1600.70
24.00 , 1606.30
24.00 , 1606.30
24.00 , 1606.30
24.00 , 1606.30
25.00 , 1606.30
24.00 , 1606.30
25.00 , 1606.30
24.00 , 1607.00
25.00 , 1607.00
24.00 , 1607.00
24.00 , 1607.00
24.00 , 1607.00
24.00 , 1607.00
24.00 , 1608.00
24.00 , 1608.00
25.00 , 1608.00
25.00 , 1608.00
25.00 , 1608.00
24.00 , 1608.00
24.00 , 1609.00
24.00 , 1609.00
24.00 , 1609.00
25.00 , 1609.00
24.00 , 1609.00
24.00 , 1609.00
24.00 , 1609.00
24.00 , 1610.00
24.00 , 1610.00
25.00 , 1610.00
25.00 , 1610.00
24.00 , 1610.00
24.00 , 1610.00
24.00 , 1611.00
25.00 , 1611.00
24.00 , 1611.00
25.00 , 1611.00
25.00 , 1611.00
25.00 , 1611.00
25.00 , 1606.70
24.00 , 1606.70
24.00 , 1606.70
25.00 , 1606.70
24.00 , 1606.70
25.00 , 1606.70
24.00 , 1612.30
24.00 , 1612.30
25.00 , 1612.30
24.00 , 1612.30
24.00 , 1612.30
24.00 , 1612.30
25.00 , 1612.30
24.00 , 1613.00
24.00 , 1613.00
25.00 , 1613.00
25.00 , 1613.00
25.00 , 1613.00
25.00 , 1613.00
25.00 , 1613.00
25.00 , 1608.70
25.00 , 1608.70
25.00 , 1608.70
25.00 , 1608.70
24.00 , 1608.70
25.00 , 1608.70
25.00 , 1609.00
24.00 , 1609.00
25.00 , 1609.00
25.00 , 1609.00
24.00 , 1609.00
24.00 , 1609.00
25.00 , 1609.00
25.00 , 1609.00
24.00 , 1609.00
25.00 , 1609.00
25.00 , 1609.00
25.00 , 1609.00
25.00 , 1609.00
25.00 , 1609.00
25.00 , 1609.00
25.00 , 1609.00
25.00 , 1609.00
25.00 , 1609.00
25.00 , 1609.00
25.00 , 1609.00
25.00 , 1609.00
25.00 , 1609.00
24.00 , 1609.00
25.00 , 1609.00
25.00 , 1609.00
24.00 , 1609.00
25.00 , 1609.00
24.00 , 1609.00
25.00 , 1609.00
25.00 , 1609.00
25.00 , 1609.00
24.00 , 1609.00
25.00 , 1609.00
25.00 , 1609.00
25.00 , 1609.00
25.00 , 1609.00
25.00 , 1609.00
25.00 , 1609.00
25.00 , 1609.00
25.00 , 1609.00
25.00 , 1609.00
25.00 , 1609.00
25.00 , 1609.00
24.00 , 1609.00
24.00 , 1609.00
25.00 , 1609.00
25.00 , 1609.00
25.00 , 1609.00
25.00 , 1609.00
25.00 , 1609.00
25.00 , 1609.00
24.00 , 1609.00
24.00 , 1614.30
25.00 , 1614.30
25.00 , 1614.30
25.00 , 1614.30
25.00 , 1614.30
25.00 , 1614.30
25.00 , 1614.30
25.00 , 1609.70
25.00 , 1609.70
24.00 , 1609.70
25.00 , 1609.70
24.00 , 1609.70
25.00 , 1609.70
25.00 , 1609.70
24.00 , 1615.30
25.00 , 1615.30
25.00 , 1615.30
25.00 , 1615.30
25.00 , 1615.30
25.00 , 1615.30
24.00 , 1616.00
25.00 , 1616.00
25.00 , 1616.00
24.00 , 1616.00
24.00 , 1616.00
25.00 , 1616.00
25.00 , 1616.00
25.00 , 1611.70
25.00 , 1611.70
25.00 , 1611.70
25.00 , 1611.70
25.00 , 1611.70
25.00 , 1611.70
25.00 , 1612.00
25.00 , 1612.00
25.00 , 1612.00
25.00 , 1612.00
25.00 , 1612.00
24.00 , 1612.00
25.00 , 1612.00
25.00 , 1612.00
26.00 , 1612.00
25.00 , 1612.00
25.00 , 1612.00
25.00 , 1612.00
25.00 , 1612.00
25.00 , 1612.00
24.00 , 1612.00
25.00 , 1612.00
25.00 , 1612.00
25.00 , 1612.00
25.00 , 1612.00
25.00 , 1612.00
24.00 , 1612.00
25.00 , 1612.00
25.00 , 1612.00
26.00 , 1612.00
25.00 , 1612.00
25.00 , 1612.00
23.00 , 1612.00
25.00 , 1612.00
25.00 , 1612.00
25.00 , 1612.00
25.00 , 1612.00
24.00 , 1617.30
25.00 , 1617.30
25.00 , 1617.30
25.00 , 1617.30
25.00 , 1617.30
25.00 , 1617.30
25.00 , 1617.30
25.00 , 1612.70
24.00 , 1612.70
25.00 , 1612.70
25.00 , 1612.70
25.00 , 1612.70
25.00 , 1612.70
24.00 , 1612.70
25.00 , 1613.00
25.00 , 1613.00
25.00 , 1613.00
25.00 , 1613.00
25.00 , 1613.00
25.00 , 1613.00
25.00 , 1613.00
25.00 , 1613.00
25.00 , 1613.00
25.00 , 1613.00
25.00 , 1613.00
25.00 , 1613.00
25.00 , 1613.00
24.00 , 1618.30
25.00 , 1618.30
25.00 , 1618.30
25.00 , 1618.30
25.00 , 1618.30
25.00 , 1618.30
25.00 , 1613.70
25.00 , 1613.70
25.00 , 1613.70
25.00 , 1613.70
25.00 , 1613.70
25.00 , 1613.70
25.00 , 1614.00
25.00 , 1614.00
25.00 , 1614.00
24.00 , 1614.00
25.00 , 1614.00
25.00 , 1614.00
24.00 , 1614.00
24.00 , 1619.30
25.00 , 1619.30
25.00 , 1619.30
25.00 , 1619.30
25.00 , 1619.30
25.00 , 1619.30
25.00 , 1614.70
25.00 , 1614.70
25.00 , 1614.70
25.00 , 1614.70
25.00 , 1614.70
25.00 , 1614.70
25.00 , 1615.00
25.00 , 1615.00
25.00 , 1615.00
25.00 , 1615.00
25.00 , 1615.00
25.00 , 1615.00
25.00 , 1615.00
25.00 , 1615.00
25.00 , 1615.00
25.00 , 1615.00
25.00 , 1615.00
25.00 , 1615.00
24.00 , 1615.00
25.00 , 1615.00
25.00 , 1615.00
25.00 , 1615.00
25.00 , 1615.00
25.00 , 1615.00
25.00 , 1615.00
25.00 , 1615.00
25.00 , 1615.00
25.00 , 1615.00
25.00 , 1615.00
28.00 , 1615.00
25.00 , 1615.00
25.00 , 1615.00
25.00 , 1615.00
25.00 , 1615.00
24.00 , 1615.00
25.00 , 1615.00
25.00 , 1615.00
25.00 , 1615.00
25.00 , 1615.00
25.00 , 1615.00
25.00 , 1615.00
25.00 , 1615.00
25.00 , 1615.00
25.00 , 1615.00
25.00 , 1615.00
25.00 , 1615.00
25.00 , 1615.00
25.00 , 1615.00
25.00 , 1615.00
25.00 , 1615.00
25.00 , 1615.00
25.00 , 1615.00
24.00 , 1615.00
25.00 , 1615.00
25.00 , 1615.00
25.00 , 1615.00
25.00 , 1615.00
25.00 , 1615.00
26.00 , 1609.70
25.00 , 1609.70
25.00 , 1609.70
25.00 , 1609.70
25.00 , 1609.70
25.00 , 1609.70
25.00 , 1614.30
24.00 , 1614.30
25.00 , 1614.30
25.00 , 1614.30
25.00 , 1614.30
25.00 , 1614.30
25.00 , 1614.30
25.00 , 1614.00
25.00 , 1614.00
25.00 , 1614.00
25.00 , 1614.00
25.00 , 1614.00
25.00 , 1614.00
25.00 , 1614.00
25.00 , 1614.00
25.00 , 1614.00
25.00 , 1614.00
25.00 , 1614.00
25.00 , 1614.00
25.00 , 1614.00
25.00 , 1614.00
25.00 , 1614.00
25.00 , 1614.00
25.00 , 1614.00
25.00 , 1614.00
24.00 , 1614.00
25.00 , 1614.00
25.00 , 1614.00
25.00 , 1614.00
25.00 , 1614.00
25.00 , 1614.00
25.00 , 1614.00
25.00 , 1614.00
25.00 , 1614.00
25.00 , 1614.00
25.00 , 1614.00
25.00 , 1614.00
25.00 , 1614.00
25.00 , 1614.00
28.00 , 1614.00
25.00 , 1614.00
25.00 , 1614.00
25.00 , 1614.00
25.00 , 1614.00
23.00 , 1614.00
25.00 , 1614.00
25.00 , 1614.00
24.00 , 1619.30
25.00 , 1619.30
25.00 , 1619.30
25.00 , 1619.30
25.00 , 1619.30
25.00 , 1619.30
26.00 , 1609.40
25.00 , 1609.40
25.00 , 1609.40
25.00 , 1609.40
25.00 , 1609.40
25.00 , 1609.40
25.00 , 1614.30
25.00 , 1614.30
24.00 , 1614.30
25.00 , 1614.30
25.00 , 1614.30
25.00 , 1614.30
25.00 , 1614.30
25.00 , 1614.00
23.00 , 1614.00
25.00 , 1614.00
25.00 , 1614.00
25.00 , 1614.00
25.00 , 1614.00
25.00 , 1614.00
25.00 , 1614.00
25.00 , 1614.00
25.00 , 1614.00
25.00 , 1614.00
24.00 , 1614.00
25.00 , 1614.00
25.00 , 1614.00
25.00 , 1614.00
25.00 , 1614.00
25.00 , 1614.00
24.00 , 1614.00
25.00 , 1614.00
25.00 , 1614.00
25.00 , 1614.00
25.00 , 1614.00
25.00 , 1614.00
25.00 , 1614.00
25.00 , 1614.00
25.00 , 1614.00
25.00 , 1614.00
25.00 , 1614.00
25.00 , 1614.00
25.00 , 1614.00
25.00 , 1614.00
25.00 , 1614.00
25.00 , 1614.00
25.00 , 1614.00
25.00 , 1614.00
25.00 , 1614.00
25.00 , 1614.00
25.00 , 1614.00
24.00 , 1619.30
25.00 , 1619.30
25.00 , 1619.30
25.00 , 1619.30
25.00 , 1619.30
25.00 , 1619.30
25.00 , 1619.30
25.00 , 1614.70
25.00 , 1614.70
25.00 , 1614.70
25.00 , 1614.70
25.00 , 1614.70
25.00 , 1614.70
25.00 , 1615.00
25.00 , 1615.00
25.00 , 1615.00
24.00 , 1615.00
24.00 , 1615.00
25.00 , 1615.00
25.00 , 1615.00
24.00 , 1615.00
25.00 , 1615.00
25.00 , 1615.00
25.00 , 1615.00
25.00 , 1615.00
25.00 , 1615.00
26.00 , 1609.70
25.00 , 1609.70
24.00 , 1609.70
25.00 , 1609.70
25.00 , 1609.70
25.00 , 1609.70
25.00 , 1614.30
25.00 , 1614.30
25.00 , 1614.30
25.00 , 1614.30
25.00 , 1614.30
25.00 , 1614.30
25.00 , 1614.00
25.00 , 1614.00
25.00 , 1614.00
25.00 , 1614.00
25.00 , 1614.00
25.00 , 1614.00
25.00 , 1614.00
25.00 , 1614.00
25.00 , 1614.00
25.00 , 1614.00
25.00 , 1614.00
25.00 , 1614.00
25.00 , 1614.00
25.00 , 1614.00
25.00 , 1614.00
25.00 , 1614.00
25.00 , 1614.00
25.00 , 1614.00
25.00 , 1614.00
25.00 , 1614.00
25.00 , 1614.00
25.00 , 1614.00
24.00 , 1614.00
25.00 , 1614.00
25.00 , 1614.00
25.00 , 1614.00
25.00 , 1614.00
25.00 , 1614.00
25.00 , 1614.00
25.00 , 1614.00
25.00 , 1614.00
25.00 , 1614.00
25.00 , 1614.00
25.00 , 1614.00
25.00 , 1614.00
25.00 , 1614.00
25.00 , 1614.00
25.00 , 1614.00
24.00 , 1614.00
24.00 , 1619.30
25.00 , 1619.30
24.00 , 1619.30
25.00 , 1619.30
25.00 , 1619.30
25.00 , 1619.30
25.00 , 1614.70
25.00 , 1614.70
25.00 , 1614.70
25.00 , 1614.70
25.00 , 1614.70
25.00 , 1614.70
25.00 , 1614.70
25.00 , 1615.00
24.00 , 1615.00
25.00 , 1615.00
26.00 , 1615.00
25.00 , 1615.00
25.00 , 1615.00
25.00 , 1615.00
25.00 , 1615.00
25.00 , 1615.00
25.00 , 1615.00
25.00 , 1615.00
25.00 , 1615.00
25.00 , 1615.00
25.00 , 1615.00
24.00 , 1615.00
25.00 , 1615.00
25.00 , 1615.00
25.00 , 1615.00
25.00 , 1615.00
25.00 , 1615.00
25.00 , 1615.00
25.00 , 1615.00
25.00 , 1615.00
25.00 , 1615.00
25.00 , 1615.00
25.00 , 1615.00
25.00 , 1615.00
25.00 , 1615.00
25.00 , 1615.00
25.00 , 1615.00
25.00 , 1615.00
25.00 , 1615.00
25.00 , 1615.00
