0.00 , 1105.00
0.00 , 1120.00
0.00 , 1120.00
0.00 , 1120.00
0.00 , 1120.00
0.00 , 1120.00
0.00 , 1120.00
0.00 , 1120.00
0.00 , 1135.00
0.00 , 1135.00
1.00 , 1135.00
0.00 , 1135.00
0.00 , 1135.00
0.00 , 1135.00
0.00 , 1135.00
0.00 , 1150.00
0.00 , 1150.00
0.00 , 1150.00
0.00 , 1150.00
0.00 , 1150.00
1.00 , 1150.00
0.00 , 1150.00
0.00 , 1165.00
0.00 , 1165.00
0.00 , 1165.00
0.00 , 1165.00
1.00 , 1165.00
0.00 , 1165.00
0.00 , 1165.00
0.00 , 1180.00
1.00 , 1180.00
0.00 , 1180.00
1.00 , 1180.00
1.00 , 1180.00
0.00 , 1180.00
1.00 , 1180.00
0.00 , 1195.00
1.00 , 1195.00
2.00 , 1195.00
1.00 , 1195.00
1.00 , 1195.00
2.00 , 1195.00
2.00 , 1195.00
1.00 , 1202.70
1.00 , 1202.70
2.00 , 1202.70
2.00 , 1202.70
1.00 , 1202.70
1.00 , 1202.70
1.00 , 1202.70
2.00 , 1209.70
2.00 , 1209.70
1.00 , 1209.70
2.00 , 1209.70
2.00 , 1209.70
2.00 , 1209.70
2.00 , 1209.70
2.00 , 1223.00
2.00 , 1223.00
2.00 , 1223.00
2.00 , 1223.00
3.00 , 1223.00
3.00 , 1223.00
2.00 , 1223.00
3.00 , 1228.70
3.00 , 1228.70
3.00 , 1228.70
3.00 , 1228.70
2.00 , 1228.70
4.00 , 1228.70
3.00 , 1228.70
4.00 , 1233.70
3.00 , 1233.70
4.00 , 1233.70
4.00 , 1233.70
4.00 , 1233.70
4.00 , 1233.70
4.00 , 1233.70
4.00 , 1245.00
4.00 , 1245.00
4.00 , 1245.00
4.00 , 1245.00
5.00 , 1245.00
4.00 , 1245.00
4.00 , 1245.00
7.00 , 1234.10
6.00 , 1234.10
6.00 , 1234.10
5.00 , 1234.10
6.00 , 1234.10
4.00 , 1234.10
6.00 , 1234.10
6.00 , 1250.30
6.00 , 1250.30
6.00 , 1250.30
6.00 , 1250.30
7.00 , 1250.30
6.00 , 1250.30
6.00 , 1250.30
6.00 , 1259.00
6.00 , 1259.00
7.00 , 1259.00
7.00 , 1259.00
6.00 , 1259.00
7.00 , 1259.00
7.00 , 1259.00
7.00 , 1260.70
7.00 , 1260.70
6.00 , 1260.70
7.00 , 1260.70
7.00 , 1260.70
7.00 , 1260.70
7.00 , 1260.70
7.00 , 1269.00
7.00 , 1269.00
8.00 , 1269.00
7.00 , 1269.00
7.00 , 1269.00
7.00 , 1269.00
7.00 , 1269.00
7.00 , 1277.00
7.00 , 1277.00
7.00 , 1277.00
7.00 , 1277.00
7.00 , 1277.00
7.00 , 1277.00
8.00 , 1277.00
7.00 , 1285.00
7.00 , 1285.00
6.00 , 1285.00
7.00 , 1285.00
7.00 , 1285.00
7.00 , 1285.00
7.00 , 1285.00
7.00 , 1293.00
7.00 , 1293.00
6.00 , 1293.00
8.00 , 1293.00
7.00 , 1293.00
7.00 , 1293.00
7.00 , 1293.00
7.00 , 1301.00
7.00 , 1301.00
7.00 , 1301.00
7.00 , 1301.00
7.00 , 1301.00
7.00 , 1301.00
7.00 , 1301.00
8.00 , 1301.70
7.00 , 1301.70
7.00 , 1301.70
7.00 , 1301.70
8.00 , 1301.70
8.00 , 1301.70
8.00 , 1301.70
8.00 , 1309.00
8.00 , 1309.00
7.00 , 1309.00
8.00 , 1309.00
8.00 , 1309.00
9.00 , 1309.00
8.00 , 1309.00
9.00 , 1308.70
9.00 , 1308.70
8.00 , 1308.70
9.00 , 1308.70
9.00 , 1308.70
9.00 , 1308.70
9.00 , 1308.70
8.00 , 1322.30
9.00 , 1322.30
9.00 , 1322.30
9.00 , 1322.30
9.00 , 1322.30
9.00 , 1322.30
9.00 , 1322.30
9.00 , 1321.70
10.00 , 1321.70
9.00 , 1321.70
9.00 , 1321.70
10.00 , 1321.70
10.00 , 1321.70
10.00 , 1321.70
9.00 , 1328.00
10.00 , 1328.00
10.00 , 1328.00
10.00 , 1328.00
10.00 , 1328.00
11.00 , 1328.00
10.00 , 1326.70
10.00 , 1326.70
10.00 , 1326.70
10.00 , 1326.70
11.00 , 1326.70
10.00 , 1326.70
11.00 , 1326.70
10.00 , 1332.00
11.00 , 1332.00
11.00 , 1332.00
11.00 , 1332.00
10.00 , 1332.00
10.00 , 1332.00
11.00 , 1329.70
11.00 , 1329.70
10.00 , 1329.70
10.00 , 1329.70
10.00 , 1329.70
11.00 , 1329.70
10.00 , 1329.70
10.00 , 1341.30
10.00 , 1341.30
11.00 , 1341.30
10.00 , 1341.30
10.00 , 1341.30
10.00 , 1341.30
11.00 , 1341.30
10.00 , 1346.00
10.00 , 1346.00
11.00 , 1346.00
10.00 , 1346.00
11.00 , 1346.00
10.00 , 1346.00
10.00 , 1351.00
10.00 , 1351.00
11.00 , 1351.00
11.00 , 1351.00
10.00 , 1351.00
10.00 , 1351.00
11.00 , 1351.00
11.00 , 1348.70
10.00 , 1348.70
10.00 , 1348.70
10.00 , 1348.70
10.00 , 1348.70
10.00 , 1348.70
11.00 , 1348.70
11.00 , 1353.00
11.00 , 1353.00
11.00 , 1353.00
11.00 , 1353.00
11.00 , 1353.00
11.00 , 1353.00
11.00 , 1357.00
11.00 , 1357.00
11.00 , 1357.00
11.00 , 1357.00
11.00 , 1357.00
11.00 , 1357.00
10.00 , 1357.00
11.00 , 1361.00
11.00 , 1361.00
11.00 , 1361.00
11.00 , 1361.00
11.00 , 1361.00
11.00 , 1361.00
11.00 , 1365.00
11.00 , 1365.00
11.00 , 1365.00
12.00 , 1365.00
12.00 , 1365.00
12.00 , 1365.00
11.00 , 1369.00
11.00 , 1369.00
11.00 , 1369.00
12.00 , 1369.00
12.00 , 1369.00
11.00 , 1369.00
12.00 , 1369.00
12.00 , 1365.70
13.00 , 1365.70
12.00 , 1365.70
13.00 , 1365.70
12.00 , 1365.70
12.00 , 1365.70
11.00 , 1376.30
12.00 , 1376.30
12.00 , 1376.30
12.00 , 1376.30
12.00 , 1376.30
11.00 , 1376.30
12.00 , 1376.30
12.00 , 1372.70
12.00 , 1372.70
12.00 , 1372.70
13.00 , 1372.70
12.00 , 1372.70
12.00 , 1372.70
12.00 , 1372.70
12.00 , 1376.00
13.00 , 1376.00
13.00 , 1376.00
13.00 , 1376.00
12.00 , 1376.00
13.00 , 1376.00
12.00 , 1379.00
12.00 , 1379.00
13.00 , 1379.00
13.00 , 1379.00
13.00 , 1379.00
13.00 , 1379.00
13.00 , 1379.00
12.00 , 1382.00
13.00 , 1382.00
12.00 , 1382.00
13.00 , 1382.00
12.00 , 1382.00
13.00 , 1382.00
13.00 , 1382.00
13.00 , 1377.70
12.00 , 1377.70
12.00 , 1377.70
14.00 , 1377.70
13.00 , 1377.70
13.00 , 1377.70
13.00 , 1380.00
13.00 , 1380.00
13.00 , 1380.00
12.00 , 1380.00
13.00 , 1380.00
13.00 , 1380.00
13.00 , 1380.00
13.00 , 1382.00
13.00 , 1382.00
13.00 , 1382.00
13.00 , 1382.00
13.00 , 1382.00
13.00 , 1382.00
13.00 , 1384.00
13.00 , 1384.00
13.00 , 1384.00
13.00 , 1384.00
13.00 , 1384.00
12.00 , 1384.00
13.00 , 1386.00
12.00 , 1386.00
13.00 , 1386.00
12.00 , 1386.00
13.00 , 1386.00
12.00 , 1386.00
13.00 , 1388.00
12.00 , 1388.00
13.00 , 1388.00
13.00 , 1388.00
13.00 , 1388.00
13.00 , 1388.00
13.00 , 1390.00
13.00 , 1390.00
13.00 , 1390.00
13.00 , 1390.00
13.00 , 1390.00
13.00 , 1390.00
13.00 , 1390.00
13.00 , 1392.00
13.00 , 1392.00
13.00 , 1392.00
14.00 , 1392.00
13.00 , 1392.00
14.00 , 1392.00
14.00 , 1386.70
14.00 , 1386.70
15.00 , 1386.70
15.00 , 1386.70
14.00 , 1386.70
13.00 , 1386.70
13.00 , 1386.70
13.00 , 1395.30
13.00 , 1395.30
13.00 , 1395.30
13.00 , 1395.30
13.00 , 1395.30
14.00 , 1395.30
13.00 , 1395.30
13.00 , 1397.00
14.00 , 1397.00
13.00 , 1397.00
13.00 , 1397.00
13.00 , 1397.00
14.00 , 1397.00
14.00 , 1391.70
14.00 , 1391.70
13.00 , 1391.70
13.00 , 1391.70
14.00 , 1391.70
13.00 , 1391.70
13.00 , 1391.70
13.00 , 1400.30
13.00 , 1400.30
14.00 , 1400.30
14.00 , 1400.30
13.00 , 1400.30
13.00 , 1400.30
13.00 , 1402.00
13.00 , 1402.00
14.00 , 1402.00
13.00 , 1402.00
14.00 , 1402.00
14.00 , 1402.00
13.00 , 1404.00
13.00 , 1404.00
13.00 , 1404.00
14.00 , 1404.00
13.00 , 1404.00
13.00 , 1404.00
13.00 , 1404.00
13.00 , 1406.00
13.00 , 1406.00
13.00 , 1406.00
14.00 , 1406.00
13.00 , 1406.00
14.00 , 1406.00
13.00 , 1408.00
14.00 , 1408.00
13.00 , 1408.00
13.00 , 1408.00
13.00 , 1408.00
13.00 , 1408.00
13.00 , 1410.00
13.00 , 1410.00
13.00 , 1410.00
13.00 , 1410.00
13.00 , 1410.00
13.00 , 1410.00
13.00 , 1412.00
13.00 , 1412.00
14.00 , 1412.00
13.00 , 1412.00
13.00 , 1412.00
13.00 , 1412.00
13.00 , 1412.00
13.00 , 1414.00
14.00 , 1414.00
13.00 , 1414.00
14.00 , 1414.00
14.00 , 1414.00
14.00 , 1414.00
13.00 , 1414.00
14.00 , 1408.70
14.00 , 1408.70
14.00 , 1408.70
14.00 , 1408.70
13.00 , 1408.70
14.00 , 1408.70
14.00 , 1410.00
14.00 , 1410.00
13.00 , 1410.00
13.00 , 1410.00
14.00 , 1410.00
14.00 , 1410.00
14.00 , 1410.00
13.00 , 1418.30
14.00 , 1418.30
13.00 , 1418.30
13.00 , 1418.30
14.00 , 1418.30
14.00 , 1418.30
17.00 , 1390.80
14.00 , 1390.80
14.00 , 1390.80
13.00 , 1390.80
14.00 , 1390.80
14.00 , 1390.80
13.00 , 1419.20
14.00 , 1419.20
14.00 , 1419.20
14.00 , 1419.20
14.00 , 1419.20
14.00 , 1419.20
14.00 , 1419.20
14.00 , 1412.70
13.00 , 1412.70
13.00 , 1412.70
13.00 , 1412.70
14.00 , 1412.70
13.00 , 1412.70
13.00 , 1421.30
13.00 , 1421.30
13.00 , 1421.30
14.00 , 1421.30
14.00 , 1421.30
14.00 , 1421.30
14.00 , 1421.30
13.00 , 1423.00
14.00 , 1423.00
14.00 , 1423.00
14.00 , 1423.00
14.00 , 1423.00
14.00 , 1423.00
14.00 , 1423.00
14.00 , 1417.70
13.00 , 1417.70
14.00 , 1417.70
14.00 , 1417.70
14.00 , 1417.70
14.00 , 1417.70
14.00 , 1419.00
14.00 , 1419.00
14.00 , 1419.00
15.00 , 1419.00
14.00 , 1419.00
14.00 , 1419.00
15.00 , 1419.00
14.00 , 1420.00
14.00 , 1420.00
14.00 , 1420.00
14.00 , 1420.00
15.00 , 1420.00
15.00 , 1420.00
15.00 , 1420.00
14.00 , 1421.00
15.00 , 1421.00
14.00 , 1421.00
14.00 , 1421.00
15.00 , 1421.00
15.00 , 1421.00
15.00 , 1414.70
15.00 , 1414.70
15.00 , 1414.70
14.00 , 1414.70
16.00 , 1414.70
15.00 , 1414.70
15.00 , 1414.70
15.00 , 1415.00
14.00 , 1415.00
15.00 , 1415.00
15.00 , 1415.00
15.00 , 1415.00
15.00 , 1415.00
15.00 , 1415.00
15.00 , 1415.00
15.00 , 1415.00
15.00 , 1415.00
16.00 , 1415.00
16.00 , 1415.00
16.00 , 1407.70
15.00 , 1407.70
15.00 , 1407.70
16.00 , 1407.70
16.00 , 1407.70
16.00 , 1407.70
16.00 , 1407.00
16.00 , 1407.00
15.00 , 1407.00
15.00 , 1407.00
14.00 , 1407.00
14.00 , 1407.00
14.00 , 1420.60
14.00 , 1420.60
15.00 , 1420.60
14.00 , 1420.60
14.00 , 1420.60
15.00 , 1420.60
14.00 , 1420.60
14.00 , 1421.00
14.00 , 1421.00
14.00 , 1421.00
15.00 , 1421.00
15.00 , 1421.00
14.00 , 1421.00
14.00 , 1422.00
15.00 , 1422.00
14.00 , 1422.00
14.00 , 1422.00
14.00 , 1422.00
15.00 , 1422.00
15.00 , 1422.00
14.00 , 1423.00
15.00 , 1423.00
14.00 , 1423.00
16.00 , 1423.00
14.00 , 1423.00
14.00 , 1423.00
14.00 , 1423.00
15.00 , 1416.70
14.00 , 1416.70
14.00 , 1416.70
14.00 , 1416.70
14.00 , 1416.70
15.00 , 1416.70
14.00 , 1424.30
15.00 , 1424.30
14.00 , 1424.30
14.00 , 1424.30
15.00 , 1424.30
15.00 , 1424.30
14.00 , 1424.30
14.00 , 1425.00
15.00 , 1425.00
14.00 , 1425.00
15.00 , 1425.00
14.00 , 1425.00
15.00 , 1425.00
14.00 , 1426.00
15.00 , 1426.00
14.00 , 1426.00
13.00 , 1426.00
15.00 , 1426.00
14.00 , 1426.00
15.00 , 1419.70
14.00 , 1419.70
14.00 , 1419.70
14.00 , 1419.70
15.00 , 1419.70
14.00 , 1419.70
13.00 , 1419.70
15.00 , 1420.00
14.00 , 1420.00
14.00 , 1420.00
14.00 , 1420.00
14.00 , 1420.00
15.00 , 1420.00
15.00 , 1420.00
14.00 , 1420.00
14.00 , 1420.00
15.00 , 1420.00
14.00 , 1420.00
15.00 , 1420.00
14.00 , 1427.30
14.00 , 1427.30
14.00 , 1427.30
14.00 , 1427.30
15.00 , 1427.30
14.00 , 1427.30
14.00 , 1428.00
14.00 , 1428.00
14.00 , 1428.00
14.00 , 1428.00
14.00 , 1428.00
15.00 , 1428.00
15.00 , 1428.00
14.00 , 1429.00
14.00 , 1429.00
14.00 , 1429.00
15.00 , 1429.00
14.00 , 1429.00
14.00 , 1429.00
14.00 , 1429.00
15.00 , 1422.70
15.00 , 1422.70
15.00 , 1422.70
15.00 , 1422.70
15.00 , 1422.70
14.00 , 1422.70
15.00 , 1423.00
14.00 , 1423.00
14.00 , 1423.00
15.00 , 1423.00
14.00 , 1423.00
13.00 , 1423.00
14.00 , 1423.00
14.00 , 1430.30
15.00 , 1430.30
15.00 , 1430.30
14.00 , 1430.30
14.00 , 1430.30
15.00 , 1430.30
14.00 , 1431.00
14.00 , 1431.00
14.00 , 1431.00
14.00 , 1431.00
15.00 , 1431.00
15.00 , 1431.00
14.00 , 1432.00
14.00 , 1432.00
15.00 , 1432.00
14.00 , 1432.00
14.00 , 1432.00
14.00 , 1432.00
14.00 , 1432.00
15.00 , 1425.70
15.00 , 1425.70
14.00 , 1425.70
14.00 , 1425.70
14.00 , 1425.70
15.00 , 1425.70
14.00 , 1433.30
15.00 , 1433.30
14.00 , 1433.30
15.00 , 1433.30
15.00 , 1433.30
14.00 , 1433.30
14.00 , 1433.30
14.00 , 1434.00
14.00 , 1434.00
14.00 , 1434.00
15.00 , 1434.00
14.00 , 1434.00
14.00 , 1434.00
14.00 , 1434.00
13.00 , 1442.30
14.00 , 1442.30
15.00 , 1442.30
14.00 , 1442.30
14.00 , 1442.30
14.00 , 1442.30
14.00 , 1436.70
14.00 , 1436.70
14.00 , 1436.70
14.00 , 1436.70
14.00 , 1436.70
14.00 , 1436.70
14.00 , 1436.70
14.00 , 1438.00
15.00 , 1438.00
15.00 , 1438.00
14.00 , 1438.00
15.00 , 1438.00
15.00 , 1438.00
14.00 , 1438.00
15.00 , 1431.70
15.00 , 1431.70
16.00 , 1431.70
14.00 , 1431.70
14.00 , 1431.70
15.00 , 1431.70
15.00 , 1432.00
15.00 , 1432.00
15.00 , 1432.00
15.00 , 1432.00
15.00 , 1432.00
16.00 , 1432.00
15.00 , 1432.00
15.00 , 1432.00
15.00 , 1432.00
14.00 , 1432.00
15.00 , 1432.00
15.00 , 1432.00
15.00 , 1432.00
15.00 , 1432.00
16.00 , 1432.00
15.00 , 1432.00
15.00 , 1432.00
16.00 , 1432.00
16.00 , 1432.00
16.00 , 1424.70
15.00 , 1424.70
16.00 , 1424.70
16.00 , 1424.70
16.00 , 1424.70
16.00 , 1424.70
15.00 , 1431.30
16.00 , 1431.30
15.00 , 1431.30
16.00 , 1431.30
16.00 , 1431.30
16.00 , 1431.30
16.00 , 1423.70
16.00 , 1423.70
16.00 , 1423.70
16.00 , 1423.70
16.00 , 1423.70
16.00 , 1423.70
16.00 , 1423.70
16.00 , 1423.00
15.00 , 1423.00
16.00 , 1423.00
15.00 , 1423.00
16.00 , 1423.00
16.00 , 1423.00
15.00 , 1429.30
15.00 , 1429.30
16.00 , 1429.30
15.00 , 1429.30
16.00 , 1429.30
15.00 , 1429.30
15.00 , 1429.30
15.00 , 1429.00
15.00 , 1429.00
15.00 , 1429.00
15.00 , 1429.00
15.00 , 1429.00
14.00 , 1429.00
15.00 , 1429.00
15.00 , 1429.00
15.00 , 1429.00
14.00 , 1429.00
15.00 , 1429.00
15.00 , 1429.00
15.00 , 1429.00
14.00 , 1436.30
14.00 , 1436.30
16.00 , 1436.30
15.00 , 1436.30
15.00 , 1436.30
14.00 , 1436.30
15.00 , 1436.30
15.00 , 1429.70
15.00 , 1429.70
14.00 , 1429.70
14.00 , 1429.70
15.00 , 1429.70
15.00 , 1429.70
15.00 , 1430.00
15.00 , 1430.00
15.00 , 1430.00
14.00 , 1430.00
14.00 , 1430.00
14.00 , 1430.00
15.00 , 1430.00
15.00 , 1430.00
15.00 , 1430.00
15.00 , 1430.00
14.00 , 1430.00
15.00 , 1430.00
14.00 , 1430.00
14.00 , 1437.30
14.00 , 1437.30
15.00 , 1437.30
16.00 , 1437.30
16.00 , 1437.30
15.00 , 1437.30
15.00 , 1430.70
15.00 , 1430.70
15.00 , 1430.70
15.00 , 1430.70
14.00 , 1430.70
15.00 , 1430.70
15.00 , 1431.00
14.00 , 1431.00
15.00 , 1431.00
14.00 , 1431.00
15.00 , 1431.00
15.00 , 1431.00
15.00 , 1431.00
14.00 , 1431.00
15.00 , 1431.00
15.00 , 1431.00
14.00 , 1431.00
15.00 , 1431.00
15.00 , 1431.00
15.00 , 1431.00
14.00 , 1431.00
14.00 , 1431.00
14.00 , 1431.00
15.00 , 1431.00
15.00 , 1431.00
15.00 , 1431.00
15.00 , 1431.00
15.00 , 1431.00
15.00 , 1431.00
15.00 , 1431.00
14.00 , 1431.00
14.00 , 1431.00
15.00 , 1431.00
15.00 , 1431.00
15.00 , 1431.00
15.00 , 1431.00
14.00 , 1431.00
14.00 , 1431.00
14.00 , 1431.00
14.00 , 1438.30
15.00 , 1438.30
15.00 , 1438.30
15.00 , 1438.30
15.00 , 1438.30
15.00 , 1438.30
14.00 , 1439.00
14.00 , 1439.00
14.00 , 1439.00
15.00 , 1439.00
14.00 , 1439.00
15.00 , 1439.00
14.00 , 1440.00
15.00 , 1440.00
15.00 , 1440.00
14.00 , 1440.00
15.00 , 1440.00
14.00 , 1440.00
14.00 , 1440.00
15.00 , 1433.70
15.00 , 1433.70
15.00 , 1433.70
15.00 , 1433.70
14.00 , 1433.70
14.00 , 1433.70
15.00 , 1434.00
15.00 , 1434.00
14.00 , 1434.00
13.00 , 1434.00
15.00 , 1434.00
14.00 , 1434.00
14.00 , 1434.00
15.00 , 1434.00
14.00 , 1434.00
15.00 , 1434.00
15.00 , 1434.00
14.00 , 1434.00
14.00 , 1434.00
14.00 , 1434.00
15.00 , 1434.00
14.00 , 1434.00
15.00 , 1434.00
14.00 , 1434.00
15.00 , 1434.00
14.00 , 1434.00
14.00 , 1441.30
14.00 , 1441.30
14.00 , 1441.30
14.00 , 1441.30
15.00 , 1441.30
14.00 , 1441.30
14.00 , 1441.30
15.00 , 1434.70
14.00 , 1434.70
15.00 , 1434.70
14.00 , 1434.70
14.00 , 1434.70
14.00 , 1434.70
14.00 , 1434.70
14.00 , 1442.30
15.00 , 1442.30
14.00 , 1442.30
14.00 , 1442.30
14.00 , 1442.30
14.00 , 1442.30
14.00 , 1443.00
15.00 , 1443.00
15.00 , 1443.00
15.00 , 1443.00
14.00 , 1443.00
14.00 , 1443.00
15.00 , 1443.00
14.00 , 1444.00
14.00 , 1444.00
15.00 , 1444.00
14.00 , 1444.00
15.00 , 1444.00
13.00 , 1444.00
15.00 , 1437.70
14.00 , 1437.70
15.00 , 1437.70
15.00 , 1437.70
14.00 , 1437.70
15.00 , 1437.70
14.00 , 1445.30
16.00 , 1445.30
14.00 , 1445.30
15.00 , 1445.30
14.00 , 1445.30
14.00 , 1445.30
15.00 , 1438.70
15.00 , 1438.70
15.00 , 1438.70
15.00 , 1438.70
15.00 , 1438.70
14.00 , 1438.70
15.00 , 1439.00
15.00 , 1439.00
15.00 , 1439.00
15.00 , 1439.00
15.00 , 1439.00
15.00 , 1439.00
15.00 , 1439.00
15.00 , 1439.00
15.00 , 1439.00
16.00 , 1439.00
15.00 , 1439.00
15.00 , 1439.00
15.00 , 1439.00
15.00 , 1439.00
15.00 , 1439.00
13.00 , 1439.00
15.00 , 1439.00
16.00 , 1439.00
16.00 , 1439.00
14.00 , 1439.00
16.00 , 1431.70
15.00 , 1431.70
16.00 , 1431.70
15.00 , 1431.70
16.00 , 1431.70
15.00 , 1431.70
16.00 , 1431.70
15.00 , 1438.30
15.00 , 1438.30
15.00 , 1438.30
16.00 , 1438.30
15.00 , 1438.30
16.00 , 1438.30
16.00 , 1430.70
15.00 , 1430.70
16.00 , 1430.70
15.00 , 1430.70
16.00 , 1430.70
15.00 , 1430.70
16.00 , 1430.70
15.00 , 1437.30
16.00 , 1437.30
15.00 , 1437.30
15.00 , 1437.30
15.00 , 1437.30
15.00 , 1437.30
15.00 , 1437.00
15.00 , 1437.00
16.00 , 1437.00
16.00 , 1437.00
15.00 , 1437.00
15.00 , 1437.00
16.00 , 1429.70
16.00 , 1429.70
15.00 , 1429.70
15.00 , 1429.70
15.00 , 1429.70
15.00 , 1429.70
15.00 , 1429.70
15.00 , 1436.30
15.00 , 1436.30
15.00 , 1436.30
14.00 , 1436.30
15.00 , 1436.30
14.00 , 1436.30
15.00 , 1436.00
15.00 , 1436.00
14.00 , 1436.00
15.00 , 1436.00
15.00 , 1436.00
16.00 , 1436.00
15.00 , 1436.00
15.00 , 1436.00
15.00 , 1436.00
14.00 , 1436.00
15.00 , 1436.00
17.00 , 1436.00
15.00 , 1436.00
15.00 , 1436.00
15.00 , 1436.00
14.00 , 1436.00
15.00 , 1436.00
15.00 , 1436.00
15.00 , 1436.00
15.00 , 1436.00
14.00 , 1436.00
15.00 , 1436.00
15.00 , 1436.00
16.00 , 1436.00
15.00 , 1436.00
15.00 , 1436.00
15.00 , 1436.00
15.00 , 1436.00
15.00 , 1436.00
15.00 , 1436.00
15.00 , 1436.00
15.00 , 1436.00
14.00 , 1443.30
15.00 , 1443.30
15.00 , 1443.30
15.00 , 1443.30
16.00 , 1443.30
15.00 , 1443.30
15.00 , 1443.30
15.00 , 1436.70
15.00 , 1436.70
15.00 , 1436.70
15.00 , 1436.70
16.00 , 1436.70
15.00 , 1436.70
15.00 , 1437.00
15.00 , 1437.00
15.00 , 1437.00
15.00 , 1437.00
15.00 , 1437.00
15.00 , 1437.00
15.00 , 1437.00
15.00 , 1437.00
15.00 , 1437.00
15.00 , 1437.00
15.00 , 1437.00
15.00 , 1437.00
15.00 , 1437.00
15.00 , 1437.00
14.00 , 1437.00
15.00 , 1437.00
15.00 , 1437.00
15.00 , 1437.00
15.00 , 1437.00
15.00 , 1437.00
16.00 , 1437.00
15.00 , 1437.00
15.00 , 1437.00
15.00 , 1437.00
15.00 , 1437.00
16.00 , 1437.00
15.00 , 1437.00
15.00 , 1437.00
16.00 , 1437.00
15.00 , 1437.00
15.00 , 1437.00
15.00 , 1437.00
15.00 , 1437.00
15.00 , 1437.00
15.00 , 1437.00
15.00 , 1437.00
15.00 , 1437.00
16.00 , 1437.00
15.00 , 1437.00
16.00 , 1429.70
15.00 , 1429.70
15.00 , 1429.70
15.00 , 1429.70
15.00 , 1429.70
15.00 , 1429.70
16.00 , 1429.70
16.00 , 1429.00
15.00 , 1429.00
15.00 , 1429.00
15.00 , 1429.00
16.00 , 1429.00
15.00 , 1429.00
15.00 , 1429.00
15.00 , 1435.30
15.00 , 1435.30
16.00 , 1435.30
15.00 , 1435.30
15.00 , 1435.30
15.00 , 1435.30
15.00 , 1435.00
15.00 , 1435.00
15.00 , 1435.00
15.00 , 1435.00
15.00 , 1435.00
16.00 , 1435.00
15.00 , 1435.00
15.00 , 1435.00
15.00 , 1435.00
15.00 , 1435.00
15.00 , 1435.00
15.00 , 1435.00
15.00 , 1435.00
15.00 , 1435.00
15.00 , 1435.00
15.00 , 1435.00
15.00 , 1435.00
15.00 , 1435.00
15.00 , 1435.00
14.00 , 1442.30
15.00 , 1442.30
16.00 , 1442.30
15.00 , 1442.30
15.00 , 1442.30
15.00 , 1442.30
15.00 , 1435.70
15.00 , 1435.70
15.00 , 1435.70
14.00 , 1435.70
15.00 , 1435.70
15.00 , 1435.70
15.00 , 1436.00
16.00 , 1436.00
15.00 , 1436.00
16.00 , 1436.00
15.00 , 1436.00
15.00 , 1436.00
14.00 , 1436.00
15.00 , 1436.00
15.00 , 1436.00
16.00 , 1436.00
15.00 , 1436.00
14.00 , 1436.00
15.00 , 1436.00
15.00 , 1436.00
15.00 , 1436.00
14.00 , 1436.00
16.00 , 1436.00
15.00 , 1436.00
15.00 , 1436.00
15.00 , 1436.00
15.00 , 1436.00
15.00 , 1436.00
15.00 , 1436.00
15.00 , 1436.00
14.00 , 1436.00
16.00 , 1436.00
15.00 , 1436.00
15.00 , 1436.00
15.00 , 1436.00
15.00 , 1436.00
15.00 , 1436.00
15.00 , 1436.00
15.00 , 1436.00
16.00 , 1428.70
15.00 , 1428.70
15.00 , 1428.70
15.00 , 1428.70
15.00 , 1428.70
15.00 , 1428.70
15.00 , 1428.70
15.00 , 1435.30
15.00 , 1435.30
15.00 , 1435.30
15.00 , 1435.30
15.00 , 1435.30
14.00 , 1435.30
15.00 , 1435.00
15.00 , 1435.00
15.00 , 1435.00
15.00 , 1435.00
15.00 , 1435.00
14.00 , 1435.00
14.00 , 1442.30
14.00 , 1442.30
14.00 , 1442.30
15.00 , 1442.30
15.00 , 1442.30
14.00 , 1442.30
12.00 , 1442.30
15.00 , 1435.70
15.00 , 1435.70
15.00 , 1435.70
15.00 , 1435.70
15.00 , 1435.70
15.00 , 1435.70
14.00 , 1443.30
15.00 , 1443.30
15.00 , 1443.30
15.00 , 1443.30
15.00 , 1443.30
15.00 , 1443.30
14.00 , 1444.00
15.00 , 1444.00
15.00 , 1444.00
15.00 , 1444.00
15.00 , 1444.00
14.00 , 1444.00
15.00 , 1437.70
15.00 , 1437.70
15.00 , 1437.70
15.00 , 1437.70
15.00 , 1437.70
14.00 , 1437.70
14.00 , 1437.70
14.00 , 1445.30
15.00 , 1445.30
15.00 , 1445.30
14.00 , 1445.30
15.00 , 1445.30
14.00 , 1445.30
15.00 , 1445.30
15.00 , 1438.70
14.00 , 1438.70
14.00 , 1438.70
15.00 , 1438.70
15.00 , 1438.70
15.00 , 1438.70
15.00 , 1439.00
15.00 , 1439.00
15.00 , 1439.00
15.00 , 1439.00
15.00 , 1439.00
15.00 , 1439.00
14.00 , 1439.00
15.00 , 1439.00
15.00 , 1439.00
15.00 , 1439.00
15.00 , 1439.00
15.00 , 1439.00
15.00 , 1439.00
15.00 , 1439.00
15.00 , 1439.00
15.00 , 1439.00
15.00 , 1439.00
15.00 , 1439.00
16.00 , 1439.00
15.00 , 1439.00
15.00 , 1439.00
14.00 , 1439.00
15.00 , 1439.00
16.00 , 1439.00
16.00 , 1439.00
14.00 , 1439.00
15.00 , 1439.00
15.00 , 1439.00
15.00 , 1439.00
15.00 , 1439.00
15.00 , 1439.00
15.00 , 1439.00
15.00 , 1439.00
16.00 , 1439.00
15.00 , 1439.00
15.00 , 1439.00
15.00 , 1439.00
15.00 , 1439.00
15.00 , 1439.00
14.00 , 1446.30
16.00 , 1446.30
15.00 , 1446.30
15.00 , 1446.30
15.00 , 1446.30
15.00 , 1446.30
15.00 , 1446.30
16.00 , 1432.40
15.00 , 1432.40
14.00 , 1432.40
15.00 , 1432.40
15.00 , 1432.40
15.00 , 1432.40
15.00 , 1439.30
15.00 , 1439.30
15.00 , 1439.30
15.00 , 1439.30
15.00 , 1439.30
15.00 , 1439.30
15.00 , 1439.30
15.00 , 1439.00
15.00 , 1439.00
15.00 , 1439.00
15.00 , 1439.00
15.00 , 1439.00
15.00 , 1439.00
15.00 , 1439.00
15.00 , 1439.00
15.00 , 1439.00
15.00 , 1439.00
15.00 , 1439.00
15.00 , 1439.00
15.00 , 1439.00
15.00 , 1439.00
15.00 , 1439.00
15.00 , 1439.00
16.00 , 1439.00
15.00 , 1439.00
15.00 , 1439.00
15.00 , 1439.00
15.00 , 1439.00
15.00 , 1439.00
15.00 , 1439.00
15.00 , 1439.00
15.00 , 1439.00
15.00 , 1439.00
15.00 , 1439.00
15.00 , 1439.00
15.00 , 1439.00
15.00 , 1439.00
16.00 , 1439.00
15.00 , 1439.00
15.00 , 1439.00
16.00 , 1439.00
15.00 , 1439.00
14.00 , 1439.00
15.00 , 1439.00
15.00 , 1439.00
15.00 , 1439.00
14.00 , 1439.00
14.00 , 1439.00
15.00 , 1439.00
15.00 , 1439.00
15.00 , 1439.00
15.00 , 1439.00
15.00 , 1439.00
15.00 , 1439.00
15.00 , 1439.00
15.00 , 1439.00
15.00 , 1439.00
15.00 , 1439.00
15.00 , 1439.00
15.00 , 1439.00
15.00 , 1439.00
15.00 , 1439.00
15.00 , 1439.00
15.00 , 1439.00
15.00 , 1439.00
15.00 , 1439.00
15.00 , 1439.00
15.00 , 1439.00
15.00 , 1439.00
15.00 , 1439.00
15.00 , 1439.00
15.00 , 1439.00
15.00 , 1439.00
15.00 , 1439.00
15.00 , 1439.00
15.00 , 1439.00
15.00 , 1439.00
14.00 , 1439.00
15.00 , 1439.00
15.00 , 1439.00
15.00 , 1439.00
15.00 , 1439.00
14.00 , 1439.00
15.00 , 1439.00
15.00 , 1439.00
15.00 , 1439.00
15.00 , 1439.00
15.00 , 1439.00
14.00 , 1439.00
15.00 , 1439.00
15.00 , 1439.00
15.00 , 1439.00
15.00 , 1439.00
14.00 , 1439.00
15.00 , 1439.00
15.00 , 1439.00
15.00 , 1439.00
15.00 , 1439.00
15.00 , 1439.00
15.00 , 1439.00
15.00 , 1439.00
15.00 , 1439.00
15.00 , 1439.00
15.00 , 1439.00
15.00 , 1439.00
15.00 , 1439.00
15.00 , 1439.00
15.00 , 1439.00
14.00 , 1439.00
15.00 , 1439.00
14.00 , 1446.30
15.00 , 1446.30
15.00 , 1446.30
16.00 , 1446.30
15.00 , 1446.30
15.00 , 1446.30
15.00 , 1439.70
15.00 , 1439.70
15.00 , 1439.70
15.00 , 1439.70
14.00 , 1439.70
14.00 , 1439.70
15.00 , 1440.00
16.00 , 1440.00
15.00 , 1440.00
14.00 , 1440.00
15.00 , 1440.00
15.00 , 1440.00
16.00 , 1432.70
15.00 , 1432.70
15.00 , 1432.70
16.00 , 1432.70
16.00 , 1432.70
16.00 , 1432.70
14.00 , 1432.70
16.00 , 1432.00
14.00 , 1432.00
15.00 , 1432.00
14.00 , 1432.00
15.00 , 1432.00
15.00 , 1432.00
15.00 , 1432.00
15.00 , 1438.30
15.00 , 1438.30
15.00 , 1438.30
14.00 , 1438.30
15.00 , 1438.30
15.00 , 1438.30
16.00 , 1430.70
15.00 , 1430.70
15.00 , 1430.70
15.00 , 1430.70
15.00 , 1430.70
15.00 , 1430.70
15.00 , 1430.70
15.00 , 1437.30
14.00 , 1437.30
15.00 , 1437.30
14.00 , 1437.30
15.00 , 1437.30
15.00 , 1437.30
15.00 , 1437.00
15.00 , 1437.00
15.00 , 1437.00
16.00 , 1437.00
15.00 , 1437.00
15.00 , 1437.00
15.00 , 1437.00
15.00 , 1437.00
14.00 , 1437.00
15.00 , 1437.00
15.00 , 1437.00
15.00 , 1437.00
15.00 , 1437.00
15.00 , 1437.00
15.00 , 1437.00
15.00 , 1437.00
15.00 , 1437.00
15.00 , 1437.00
16.00 , 1437.00
15.00 , 1437.00
15.00 , 1437.00
15.00 , 1437.00
15.00 , 1437.00
15.00 , 1437.00
15.00 , 1437.00
15.00 , 1437.00
15.00 , 1437.00
15.00 , 1437.00
16.00 , 1437.00
15.00 , 1437.00
14.00 , 1437.00
15.00 , 1437.00
14.00 , 1437.00
15.00 , 1437.00
15.00 , 1437.00
15.00 , 1437.00
15.00 , 1437.00
15.00 , 1437.00
15.00 , 1437.00
14.00 , 1444.30
15.00 , 1444.30
15.00 , 1444.30
14.00 , 1444.30
15.00 , 1444.30
15.00 , 1444.30
15.00 , 1444.30
15.00 , 1437.70
15.00 , 1437.70
14.00 , 1437.70
15.00 , 1437.70
15.00 , 1437.70
15.00 , 1437.70
15.00 , 1437.70
15.00 , 1438.00
15.00 , 1438.00
15.00 , 1438.00
15.00 , 1438.00
16.00 , 1438.00
15.00 , 1438.00
15.00 , 1438.00
15.00 , 1438.00
15.00 , 1438.00
15.00 , 1438.00
13.00 , 1438.00
16.00 , 1438.00
15.00 , 1438.00
15.00 , 1438.00
15.00 , 1438.00
15.00 , 1438.00
15.00 , 1438.00
15.00 , 1438.00
15.00 , 1438.00
15.00 , 1438.00
15.00 , 1438.00
15.00 , 1438.00
15.00 , 1438.00
15.00 , 1438.00
15.00 , 1438.00
15.00 , 1438.00
14.00 , 1438.00
15.00 , 1438.00
15.00 , 1438.00
15.00 , 1438.00
15.00 , 1438.00
15.00 , 1438.00
15.00 , 1438.00
15.00 , 1438.00
15.00 , 1438.00
15.00 , 1438.00
16.00 , 1438.00
15.00 , 1438.00
15.00 , 1438.00
15.00 , 1438.00
15.00 , 1438.00
16.00 , 1438.00
16.00 , 1438.00
14.00 , 1438.00
15.00 , 1438.00
16.00 , 1438.00
16.00 , 1438.00
15.00 , 1438.00
15.00 , 1438.00
15.00 , 1438.00
16.00 , 1430.70
16.00 , 1430.70
16.00 , 1430.70
15.00 , 1430.70
15.00 , 1430.70
15.00 , 1430.70
15.00 , 1430.70
15.00 , 1437.30
15.00 , 1437.30
16.00 , 1437.30
15.00 , 1437.30
15.00 , 1437.30
16.00 , 1437.30
16.00 , 1437.30
15.00 , 1437.00
15.00 , 1437.00
15.00 , 1437.00
15.00 , 1437.00
15.00 , 1437.00
15.00 , 1437.00
16.00 , 1429.70
15.00 , 1429.70
15.00 , 1429.70
16.00 , 1429.70
15.00 , 1429.70
14.00 , 1429.70
15.00 , 1429.70
15.00 , 1436.30
15.00 , 1436.30
15.00 , 1436.30
15.00 , 1436.30
15.00 , 1436.30
15.00 , 1436.30
15.00 , 1436.00
15.00 , 1436.00
14.00 , 1436.00
15.00 , 1436.00
15.00 , 1436.00
15.00 , 1436.00
15.00 , 1436.00
15.00 , 1436.00
15.00 , 1436.00
15.00 , 1436.00
15.00 , 1436.00
14.00 , 1436.00
15.00 , 1436.00
15.00 , 1436.00
15.00 , 1436.00
15.00 , 1436.00
15.00 , 1436.00
15.00 , 1436.00
15.00 , 1436.00
15.00 , 1436.00
14.00 , 1436.00
14.00 , 1436.00
15.00 , 1436.00
15.00 , 1436.00
14.00 , 1436.00
14.00 , 1443.30
15.00 , 1443.30
15.00 , 1443.30
15.00 , 1443.30
15.00 , 1443.30
14.00 , 1443.30
15.00 , 1436.70
14.00 , 1436.70
15.00 , 1436.70
15.00 , 1436.70
15.00 , 1436.70
15.00 , 1436.70
15.00 , 1436.70
15.00 , 1437.00
14.00 , 1437.00
15.00 , 1437.00
15.00 , 1437.00
15.00 , 1437.00
14.00 , 1437.00
14.00 , 1437.00
16.00 , 1429.70
15.00 , 1429.70
15.00 , 1429.70
15.00 , 1429.70
15.00 , 1429.70
15.00 , 1429.70
15.00 , 1436.30
15.00 , 1436.30
15.00 , 1436.30
15.00 , 1436.30
15.00 , 1436.30
15.00 , 1436.30
15.00 , 1436.30
14.00 , 1443.30
15.00 , 1443.30
15.00 , 1443.30
15.00 , 1443.30
15.00 , 1443.30
15.00 , 1443.30
15.00 , 1436.70
15.00 , 1436.70
15.00 , 1436.70
14.00 , 1436.70
15.00 , 1436.70
15.00 , 1436.70
15.00 , 1437.00
15.00 , 1437.00
14.00 , 1437.00
15.00 , 1437.00
15.00 , 1437.00
15.00 , 1437.00
15.00 , 1437.00
15.00 , 1437.00
15.00 , 1437.00
15.00 , 1437.00
15.00 , 1437.00
15.00 , 1437.00
15.00 , 1437.00
15.00 , 1437.00
15.00 , 1437.00
16.00 , 1437.00
15.00 , 1437.00
15.00 , 1437.00
16.00 , 1437.00
15.00 , 1437.00
15.00 , 1437.00
15.00 , 1437.00
16.00 , 1437.00
15.00 , 1437.00
15.00 , 1437.00
15.00 , 1437.00
15.00 , 1437.00
15.00 , 1437.00
16.00 , 1437.00
15.00 , 1437.00
16.00 , 1437.00
15.00 , 1437.00
15.00 , 1437.00
15.00 , 1437.00
15.00 , 1437.00
15.00 , 1437.00
15.00 , 1437.00
16.00 , 1437.00
15.00 , 1437.00
15.00 , 1437.00
14.00 , 1444.30
16.00 , 1444.30
15.00 , 1444.30
15.00 , 1444.30
15.00 , 1444.30
15.00 , 1444.30
16.00 , 1444.30
15.00 , 1437.70
16.00 , 1437.70
14.00 , 1437.70
15.00 , 1437.70
15.00 , 1437.70
16.00 , 1437.70
16.00 , 1430.70
15.00 , 1430.70
16.00 , 1430.70
15.00 , 1430.70
16.00 , 1430.70
15.00 , 1430.70
15.00 , 1430.70
16.00 , 1430.00
15.00 , 1430.00
15.00 , 1430.00
15.00 , 1430.00
15.00 , 1430.00
15.00 , 1430.00
15.00 , 1436.30
15.00 , 1436.30
15.00 , 1436.30
15.00 , 1436.30
15.00 , 1436.30
16.00 , 1436.30
15.00 , 1436.00
13.00 , 1436.00
16.00 , 1436.00
15.00 , 1436.00
16.00 , 1436.00
15.00 , 1436.00
15.00 , 1436.00
15.00 , 1436.00
14.00 , 1436.00
15.00 , 1436.00
15.00 , 1436.00
16.00 , 1436.00
15.00 , 1436.00
15.00 , 1436.00
15.00 , 1436.00
15.00 , 1436.00
16.00 , 1436.00
15.00 , 1436.00
15.00 , 1436.00
15.00 , 1436.00
15.00 , 1436.00
15.00 , 1436.00
15.00 , 1436.00
15.00 , 1436.00
14.00 , 1436.00
15.00 , 1436.00
15.00 , 1436.00
15.00 , 1436.00
15.00 , 1436.00
15.00 , 1436.00
15.00 , 1436.00
15.00 , 1436.00
15.00 , 1436.00
14.00 , 1436.00
15.00 , 1436.00
15.00 , 1436.00
16.00 , 1436.00
15.00 , 1436.00
15.00 , 1436.00
15.00 , 1436.00
15.00 , 1436.00
15.00 , 1436.00
15.00 , 1436.00
15.00 , 1436.00
15.00 , 1436.00
16.00 , 1428.70
15.00 , 1428.70
16.00 , 1428.70
15.00 , 1428.70
15.00 , 1428.70
14.00 , 1428.70
15.00 , 1428.70
15.00 , 1435.30
16.00 , 1435.30
15.00 , 1435.30
15.00 , 1435.30
15.00 , 1435.30
14.00 , 1435.30
15.00 , 1435.00
15.00 , 1435.00
16.00 , 1435.00
15.00 , 1435.00
15.00 , 1435.00
16.00 , 1435.00
15.00 , 1435.00
15.00 , 1435.00
15.00 , 1435.00
15.00 , 1435.00
15.00 , 1435.00
15.00 , 1435.00
15.00 , 1435.00
15.00 , 1435.00
15.00 , 1435.00
15.00 , 1435.00
15.00 , 1435.00
15.00 , 1435.00
14.00 , 1435.00
16.00 , 1427.70
15.00 , 1427.70
15.00 , 1427.70
15.00 , 1427.70
15.00 , 1427.70
16.00 , 1427.70
15.00 , 1434.30
15.00 , 1434.30
15.00 , 1434.30
15.00 , 1434.30
15.00 , 1434.30
15.00 , 1434.30
15.00 , 1434.00
15.00 , 1434.00
15.00 , 1434.00
15.00 , 1434.00
16.00 , 1434.00
15.00 , 1434.00
15.00 , 1434.00
15.00 , 1434.00
15.00 , 1434.00
14.00 , 1434.00
15.00 , 1434.00
14.00 , 1434.00
15.00 , 1434.00
15.00 , 1434.00
15.00 , 1434.00
14.00 , 1434.00
15.00 , 1434.00
15.00 , 1434.00
15.00 , 1434.00
15.00 , 1434.00
14.00 , 1441.30
15.00 , 1441.30
15.00 , 1441.30
15.00 , 1441.30
15.00 , 1441.30
15.00 , 1441.30
15.00 , 1441.30
16.00 , 1427.40
15.00 , 1427.40
15.00 , 1427.40
15.00 , 1427.40
14.00 , 1427.40
16.00 , 1427.40
16.00 , 1427.00
15.00 , 1427.00
15.00 , 1427.00
15.00 , 1427.00
15.00 , 1427.00
15.00 , 1427.00
15.00 , 1433.30
15.00 , 1433.30
15.00 , 1433.30
14.00 , 1433.30
15.00 , 1433.30
15.00 , 1433.30
15.00 , 1433.30
16.00 , 1425.70
15.00 , 1425.70
15.00 , 1425.70
15.00 , 1425.70
14.00 , 1425.70
15.00 , 1425.70
15.00 , 1432.30
15.00 , 1432.30
15.00 , 1432.30
14.00 , 1432.30
15.00 , 1432.30
15.00 , 1432.30
15.00 , 1432.30
14.00 , 1439.30
15.00 , 1439.30
15.00 , 1439.30
15.00 , 1439.30
15.00 , 1439.30
15.00 , 1439.30
15.00 , 1439.30
15.00 , 1432.70
15.00 , 1432.70
15.00 , 1432.70
14.00 , 1432.70
15.00 , 1432.70
14.00 , 1432.70
14.00 , 1440.30
14.00 , 1440.30
15.00 , 1440.30
15.00 , 1440.30
15.00 , 1440.30
15.00 , 1440.30
15.00 , 1440.30
15.00 , 1433.70
15.00 , 1433.70
15.00 , 1433.70
15.00 , 1433.70
14.00 , 1433.70
15.00 , 1433.70
15.00 , 1433.70
15.00 , 1434.00
15.00 , 1434.00
14.00 , 1434.00
15.00 , 1434.00
14.00 , 1434.00
14.00 , 1434.00
14.00 , 1441.30
15.00 , 1441.30
15.00 , 1441.30
16.00 , 1441.30
15.00 , 1441.30
14.00 , 1441.30
15.00 , 1441.30
15.00 , 1434.70
15.00 , 1434.70
14.00 , 1434.70
14.00 , 1434.70
15.00 , 1434.70
15.00 , 1434.70
15.00 , 1435.00
15.00 , 1435.00
14.00 , 1435.00
15.00 , 1435.00
14.00 , 1435.00
15.00 , 1435.00
15.00 , 1435.00
14.00 , 1435.00
16.00 , 1435.00
15.00 , 1435.00
14.00 , 1435.00
15.00 , 1435.00
15.00 , 1435.00
15.00 , 1435.00
15.00 , 1435.00
15.00 , 1435.00
14.00 , 1435.00
15.00 , 1435.00
15.00 , 1435.00
15.00 , 1435.00
15.00 , 1435.00
14.00 , 1435.00
16.00 , 1435.00
15.00 , 1435.00
15.00 , 1435.00
15.00 , 1435.00
15.00 , 1435.00
14.00 , 1435.00
15.00 , 1435.00
14.00 , 1435.00
15.00 , 1435.00
15.00 , 1435.00
14.00 , 1435.00
14.00 , 1435.00
15.00 , 1435.00
14.00 , 1435.00
16.00 , 1435.00
15.00 , 1435.00
15.00 , 1435.00
15.00 , 1435.00
15.00 , 1435.00
15.00 , 1435.00
15.00 , 1435.00
15.00 , 1435.00
15.00 , 1435.00
15.00 , 1435.00
15.00 , 1435.00
14.00 , 1435.00
15.00 , 1435.00
14.00 , 1435.00
15.00 , 1435.00
15.00 , 1435.00
15.00 , 1435.00
15.00 , 1435.00
13.00 , 1435.00
16.00 , 1435.00
15.00 , 1435.00
15.00 , 1435.00
14.00 , 1442.30
15.00 , 1442.30
15.00 , 1442.30
16.00 , 1442.30
15.00 , 1442.30
15.00 , 1442.30
14.00 , 1443.00
15.00 , 1443.00
15.00 , 1443.00
15.00 , 1443.00
14.00 , 1443.00
15.00 , 1443.00
16.00 , 1429.40
15.00 , 1429.40
16.00 , 1429.40
14.00 , 1429.40
15.00 , 1429.40
15.00 , 1429.40
16.00 , 1429.40
15.00 , 1436.30
14.00 , 1436.30
16.00 , 1436.30
15.00 , 1436.30
15.00 , 1436.30
16.00 , 1436.30
13.00 , 1450.60
15.00 , 1450.60
15.00 , 1450.60
16.00 , 1450.60
15.00 , 1450.60
15.00 , 1450.60
15.00 , 1437.40
15.00 , 1437.40
14.00 , 1437.40
15.00 , 1437.40
15.00 , 1437.40
15.00 , 1437.40
15.00 , 1438.00
15.00 , 1438.00
14.00 , 1438.00
15.00 , 1438.00
14.00 , 1438.00
15.00 , 1438.00
15.00 , 1438.00
15.00 , 1438.00
16.00 , 1438.00
15.00 , 1438.00
15.00 , 1438.00
15.00 , 1438.00
15.00 , 1438.00
15.00 , 1438.00
15.00 , 1438.00
15.00 , 1438.00
14.00 , 1438.00
17.00 , 1438.00
15.00 , 1438.00
15.00 , 1438.00
15.00 , 1438.00
15.00 , 1438.00
15.00 , 1438.00
15.00 , 1438.00
15.00 , 1438.00
15.00 , 1438.00
15.00 , 1438.00
15.00 , 1438.00
15.00 , 1438.00
15.00 , 1438.00
15.00 , 1438.00
15.00 , 1438.00
15.00 , 1438.00
14.00 , 1445.30
15.00 , 1445.30
15.00 , 1445.30
15.00 , 1445.30
16.00 , 1445.30
15.00 , 1445.30
15.00 , 1438.70
15.00 , 1438.70
15.00 , 1438.70
15.00 , 1438.70
15.00 , 1438.70
15.00 , 1438.70
14.00 , 1438.70
15.00 , 1439.00
15.00 , 1439.00
15.00 , 1439.00
14.00 , 1439.00
15.00 , 1439.00
15.00 , 1439.00
15.00 , 1439.00
15.00 , 1439.00
15.00 , 1439.00
14.00 , 1439.00
15.00 , 1439.00
15.00 , 1439.00
15.00 , 1439.00
15.00 , 1439.00
15.00 , 1439.00
15.00 , 1439.00
15.00 , 1439.00
15.00 , 1439.00
15.00 , 1439.00
15.00 , 1439.00
15.00 , 1439.00
15.00 , 1439.00
15.00 , 1439.00
15.00 , 1439.00
16.00 , 1439.00
15.00 , 1439.00
15.00 , 1439.00
15.00 , 1439.00
15.00 , 1439.00
15.00 , 1439.00
15.00 , 1439.00
15.00 , 1439.00
15.00 , 1439.00
15.00 , 1439.00
15.00 , 1439.00
15.00 , 1439.00
15.00 , 1439.00
16.00 , 1439.00
15.00 , 1439.00
15.00 , 1439.00
15.00 , 1439.00
15.00 , 1439.00
15.00 , 1439.00
15.00 , 1439.00
15.00 , 1439.00
15.00 , 1439.00
15.00 , 1439.00
15.00 , 1439.00
16.00 , 1439.00
15.00 , 1439.00
15.00 , 1439.00
15.00 , 1439.00
15.00 , 1439.00
15.00 , 1439.00
15.00 , 1439.00
15.00 , 1439.00
15.00 , 1439.00
15.00 , 1439.00
15.00 , 1439.00
15.00 , 1439.00
15.00 , 1439.00
14.00 , 1439.00
15.00 , 1439.00
15.00 , 1439.00
15.00 , 1439.00
15.00 , 1439.00
15.00 , 1439.00
15.00 , 1439.00
15.00 , 1439.00
14.00 , 1439.00
15.00 , 1439.00
14.00 , 1446.30
15.00 , 1446.30
15.00 , 1446.30
15.00 , 1446.30
15.00 , 1446.30