// the PID factors (our state of the art)
double Kp= 5;
double Ki= 10;
double Kd=0.03;

0.00 , 1090.00
0.00 , 1090.00
0.00 , 1090.00
0.00 , 1090.00
0.00 , 1090.00
0.00 , 1090.00
0.00 , 1090.00
0.00 , 1090.00
0.00 , 1090.00
0.00 , 1090.00
0.00 , 1090.00
0.00 , 1105.00
0.00 , 1105.00
0.00 , 1105.00
0.00 , 1105.00
0.00 , 1105.00
0.00 , 1105.00
0.00 , 1105.00
0.00 , 1120.00
0.00 , 1120.00
-1.00 , 1120.00
0.00 , 1120.00
0.00 , 1120.00
0.00 , 1120.00
0.00 , 1120.00
0.00 , 1135.00
0.00 , 1135.00
0.00 , 1135.00
0.00 , 1135.00
0.00 , 1135.00
0.00 , 1135.00
0.00 , 1135.00
0.00 , 1150.00
0.00 , 1150.00
0.00 , 1150.00
0.00 , 1150.00
0.00 , 1150.00
0.00 , 1150.00
0.00 , 1150.00
0.00 , 1165.00
0.00 , 1165.00
0.00 , 1165.00
0.00 , 1165.00
0.00 , 1165.00
0.00 , 1165.00
0.00 , 1165.00
0.00 , 1180.00
0.00 , 1180.00
0.00 , 1180.00
0.00 , 1180.00
0.00 , 1180.00
0.00 , 1180.00
0.00 , 1180.00
0.00 , 1195.00
0.00 , 1195.00
0.00 , 1195.00
0.00 , 1195.00
0.00 , 1195.00
0.00 , 1195.00
0.00 , 1195.00
0.00 , 1210.00
-1.00 , 1210.00
0.00 , 1210.00
0.00 , 1210.00
0.00 , 1210.00
0.00 , 1210.00
0.00 , 1210.00
0.00 , 1225.00
0.00 , 1225.00
0.00 , 1225.00
0.00 , 1225.00
0.00 , 1225.00
0.00 , 1225.00
0.00 , 1225.00
0.00 , 1240.00
0.00 , 1240.00
1.00 , 1240.00
0.00 , 1240.00
0.00 , 1240.00
1.00 , 1240.00
0.00 , 1240.00
0.00 , 1255.00
1.00 , 1255.00
1.00 , 1255.00
0.00 , 1255.00
1.00 , 1255.00
1.00 , 1255.00
1.00 , 1255.00
2.00 , 1257.40
2.00 , 1257.40
1.00 , 1257.40
2.00 , 1257.40
2.00 , 1257.40
2.00 , 1257.40
2.00 , 1257.40
2.00 , 1271.00
2.00 , 1271.00
3.00 , 1271.00
3.00 , 1271.00
3.00 , 1271.00
4.00 , 1271.00
4.00 , 1271.00
3.00 , 1277.70
4.00 , 1277.70
4.00 , 1277.70
4.00 , 1277.70
5.00 , 1277.70
5.00 , 1277.70
5.00 , 1277.70
5.00 , 1277.40
5.00 , 1277.40
7.00 , 1277.40
6.00 , 1277.40
6.00 , 1277.40
6.00 , 1277.40
6.00 , 1277.40
7.00 , 1275.40
7.00 , 1275.40
7.00 , 1275.40
6.00 , 1275.40
7.00 , 1275.40
8.00 , 1275.40
8.00 , 1275.40
8.00 , 1277.70
8.00 , 1277.70
8.00 , 1277.70
8.00 , 1277.70
8.00 , 1277.70
9.00 , 1277.70
8.00 , 1277.70
8.00 , 1285.00
9.00 , 1285.00
8.00 , 1285.00
9.00 , 1285.00
9.00 , 1285.00
9.00 , 1285.00
8.00 , 1285.00
8.00 , 1292.00
9.00 , 1292.00
9.00 , 1292.00
8.00 , 1292.00
8.00 , 1292.00
9.00 , 1292.00
9.00 , 1292.00
9.00 , 1292.70
10.00 , 1292.70
8.00 , 1292.70
9.00 , 1292.70
7.00 , 1292.70
8.00 , 1292.70
9.00 , 1292.70
8.00 , 1305.30
7.00 , 1305.30
9.00 , 1305.30
8.00 , 1305.30
8.00 , 1305.30
7.00 , 1305.30
8.00 , 1305.30
8.00 , 1312.00
7.00 , 1312.00
8.00 , 1312.00
8.00 , 1312.00
8.00 , 1312.00
8.00 , 1312.00
7.00 , 1312.00
8.00 , 1319.00
8.00 , 1319.00
8.00 , 1319.00
7.00 , 1319.00
7.00 , 1319.00
8.00 , 1319.00
7.00 , 1319.00
8.00 , 1326.00
8.00 , 1326.00
8.00 , 1326.00
8.00 , 1326.00
7.00 , 1326.00
8.00 , 1326.00
8.00 , 1326.00
8.00 , 1333.00
8.00 , 1333.00
8.00 , 1333.00
8.00 , 1333.00
8.00 , 1333.00
9.00 , 1333.00
8.00 , 1333.00
8.00 , 1340.00
8.00 , 1340.00
8.00 , 1340.00
8.00 , 1340.00
8.00 , 1340.00
8.00 , 1340.00
9.00 , 1340.00
8.00 , 1347.00
9.00 , 1347.00
9.00 , 1347.00
9.00 , 1347.00
10.00 , 1347.00
10.00 , 1347.00
9.00 , 1347.00
10.00 , 1341.40
10.00 , 1341.40
10.00 , 1341.40
10.00 , 1341.40
10.00 , 1341.40
10.00 , 1341.40
10.00 , 1347.00
11.00 , 1347.00
10.00 , 1347.00
11.00 , 1347.00
10.00 , 1347.00
11.00 , 1347.00
9.00 , 1347.00
11.00 , 1345.70
10.00 , 1345.70
10.00 , 1345.70
13.00 , 1345.70
12.00 , 1345.70
12.00 , 1345.70
13.00 , 1337.40
13.00 , 1337.40
13.00 , 1337.40
13.00 , 1337.40
14.00 , 1337.40
15.00 , 1337.40
15.00 , 1337.40
12.00 , 1346.30
13.00 , 1346.30
13.00 , 1346.30
12.00 , 1346.30
13.00 , 1346.30
13.00 , 1346.30
12.00 , 1349.00
13.00 , 1349.00
13.00 , 1349.00
13.00 , 1349.00
13.00 , 1349.00
12.00 , 1349.00
13.00 , 1349.00
13.00 , 1345.70
13.00 , 1345.70
13.00 , 1345.70
12.00 , 1345.70
13.00 , 1345.70
12.00 , 1345.70
12.00 , 1354.30
13.00 , 1354.30
12.00 , 1354.30
12.00 , 1354.30
12.00 , 1354.30
12.00 , 1354.30
13.00 , 1350.70
12.00 , 1350.70
12.00 , 1350.70
13.00 , 1350.70
12.00 , 1350.70
12.00 , 1350.70
12.00 , 1350.70
13.00 , 1353.00
12.00 , 1353.00
12.00 , 1353.00
12.00 , 1353.00
13.00 , 1353.00
12.00 , 1353.00
12.00 , 1361.30
12.00 , 1361.30
12.00 , 1361.30
12.00 , 1361.30
12.00 , 1361.30
12.00 , 1361.30
13.00 , 1357.70
13.00 , 1357.70
12.00 , 1357.70
12.00 , 1357.70
11.00 , 1357.70
12.00 , 1357.70
12.00 , 1366.30
12.00 , 1366.30
12.00 , 1366.30
12.00 , 1366.30
12.00 , 1366.30
13.00 , 1366.30
12.00 , 1366.30
12.00 , 1369.00
12.00 , 1369.00
12.00 , 1369.00
12.00 , 1369.00
13.00 , 1369.00
13.00 , 1369.00
14.00 , 1369.00
13.00 , 1365.70
13.00 , 1365.70
13.00 , 1365.70
13.00 , 1365.70
13.00 , 1365.70
13.00 , 1365.70
13.00 , 1368.00
13.00 , 1368.00
13.00 , 1368.00
13.00 , 1368.00
14.00 , 1368.00
14.00 , 1368.00
13.00 , 1368.00
13.00 , 1370.00
14.00 , 1370.00
13.00 , 1370.00
15.00 , 1370.00
13.00 , 1370.00
15.00 , 1370.00
14.00 , 1365.70
14.00 , 1365.70
14.00 , 1365.70
14.00 , 1365.70
14.00 , 1365.70
14.00 , 1365.70
14.00 , 1367.00
15.00 , 1367.00
14.00 , 1367.00
14.00 , 1367.00
15.00 , 1367.00
14.00 , 1367.00
14.00 , 1367.00
15.00 , 1361.70
14.00 , 1361.70
15.00 , 1361.70
14.00 , 1361.70
14.00 , 1361.70
14.00 , 1361.70
15.00 , 1362.00
14.00 , 1362.00
14.00 , 1362.00
14.00 , 1362.00
15.00 , 1362.00
14.00 , 1362.00
14.00 , 1362.00
14.00 , 1368.30
15.00 , 1368.30
14.00 , 1368.30
14.00 , 1368.30
14.00 , 1368.30
14.00 , 1368.30
14.00 , 1368.30
14.00 , 1369.00
14.00 , 1369.00
14.00 , 1369.00
13.00 , 1369.00
14.00 , 1369.00
15.00 , 1369.00
14.00 , 1370.00
14.00 , 1370.00
14.00 , 1370.00
13.00 , 1370.00
14.00 , 1370.00
14.00 , 1370.00
14.00 , 1370.00
15.00 , 1364.70
14.00 , 1364.70
14.00 , 1364.70
14.00 , 1364.70
14.00 , 1364.70
13.00 , 1364.70
14.00 , 1364.70
14.00 , 1371.30
14.00 , 1371.30
14.00 , 1371.30
14.00 , 1371.30
15.00 , 1371.30
14.00 , 1371.30
14.00 , 1372.00
15.00 , 1372.00
14.00 , 1372.00
14.00 , 1372.00
14.00 , 1372.00
14.00 , 1372.00
14.00 , 1372.00
14.00 , 1373.00
14.00 , 1373.00
14.00 , 1373.00
15.00 , 1373.00
14.00 , 1373.00
14.00 , 1373.00
14.00 , 1374.00
14.00 , 1374.00
15.00 , 1374.00
13.00 , 1374.00
15.00 , 1374.00
14.00 , 1374.00
15.00 , 1368.70
15.00 , 1368.70
14.00 , 1368.70
14.00 , 1368.70
14.00 , 1368.70
14.00 , 1368.70
14.00 , 1368.70
14.00 , 1375.30
14.00 , 1375.30
14.00 , 1375.30
14.00 , 1375.30
15.00 , 1375.30
14.00 , 1375.30
14.00 , 1376.00
14.00 , 1376.00
14.00 , 1376.00
14.00 , 1376.00
14.00 , 1376.00
14.00 , 1376.00
14.00 , 1377.00
14.00 , 1377.00
14.00 , 1377.00
14.00 , 1377.00
14.00 , 1377.00
14.00 , 1377.00
15.00 , 1371.70
15.00 , 1371.70
14.00 , 1371.70
14.00 , 1371.70
15.00 , 1371.70
14.00 , 1371.70
14.00 , 1371.70
14.00 , 1378.30
14.00 , 1378.30
14.00 , 1378.30
14.00 , 1378.30
14.00 , 1378.30
15.00 , 1378.30
14.00 , 1378.30
14.00 , 1379.00
15.00 , 1379.00
14.00 , 1379.00
14.00 , 1379.00
14.00 , 1379.00
14.00 , 1379.00
13.00 , 1386.30
13.00 , 1386.30
14.00 , 1386.30
14.00 , 1386.30
14.00 , 1386.30
14.00 , 1386.30
14.00 , 1386.30
14.00 , 1381.70
13.00 , 1381.70
15.00 , 1381.70
15.00 , 1381.70
14.00 , 1381.70
14.00 , 1381.70
14.00 , 1383.00
14.00 , 1383.00
14.00 , 1383.00
14.00 , 1383.00
15.00 , 1383.00
14.00 , 1383.00
14.00 , 1384.00
14.00 , 1384.00
14.00 , 1384.00
14.00 , 1384.00
15.00 , 1384.00
14.00 , 1384.00
15.00 , 1384.00
15.00 , 1378.70
14.00 , 1378.70
14.00 , 1378.70
15.00 , 1378.70
14.00 , 1378.70
15.00 , 1378.70
14.00 , 1385.30
15.00 , 1385.30
15.00 , 1385.30
14.00 , 1385.30
15.00 , 1385.30
14.00 , 1385.30
14.00 , 1386.00
15.00 , 1386.00
14.00 , 1386.00
14.00 , 1386.00
15.00 , 1386.00
14.00 , 1386.00
14.00 , 1387.00
14.00 , 1387.00
15.00 , 1387.00
14.00 , 1387.00
14.00 , 1387.00
14.00 , 1387.00
14.00 , 1387.00
15.00 , 1381.70
15.00 , 1381.70
14.00 , 1381.70
14.00 , 1381.70
15.00 , 1381.70
14.00 , 1381.70
14.00 , 1381.70
14.00 , 1388.30
14.00 , 1388.30
14.00 , 1388.30
14.00 , 1388.30
14.00 , 1388.30
14.00 , 1388.30
15.00 , 1382.70
14.00 , 1382.70
14.00 , 1382.70
15.00 , 1382.70
15.00 , 1382.70
14.00 , 1382.70
15.00 , 1382.70
14.00 , 1389.30
14.00 , 1389.30
14.00 , 1389.30
14.00 , 1389.30
14.00 , 1389.30
15.00 , 1389.30
14.00 , 1390.00
14.00 , 1390.00
15.00 , 1390.00
15.00 , 1390.00
15.00 , 1390.00
13.00 , 1390.00
14.00 , 1391.00
15.00 , 1391.00
14.00 , 1391.00
14.00 , 1391.00
14.00 , 1391.00
13.00 , 1391.00
14.00 , 1391.00
14.00 , 1392.00
14.00 , 1392.00
14.00 , 1392.00
14.00 , 1392.00
14.00 , 1392.00
15.00 , 1392.00
14.00 , 1393.00
14.00 , 1393.00
15.00 , 1393.00
14.00 , 1393.00
14.00 , 1393.00
13.00 , 1393.00
14.00 , 1393.00
15.00 , 1387.70
14.00 , 1387.70
15.00 , 1387.70
15.00 , 1387.70
14.00 , 1387.70
14.00 , 1387.70
15.00 , 1387.70
14.00 , 1394.30
14.00 , 1394.30
14.00 , 1394.30
14.00 , 1394.30
14.00 , 1394.30
14.00 , 1394.30
14.00 , 1395.00
14.00 , 1395.00
13.00 , 1395.00
14.00 , 1395.00
14.00 , 1395.00
15.00 , 1395.00
14.00 , 1395.00
14.00 , 1396.00
14.00 , 1396.00
14.00 , 1396.00
14.00 , 1396.00
14.00 , 1396.00
14.00 , 1396.00
14.00 , 1396.00
15.00 , 1390.70
14.00 , 1390.70
14.00 , 1390.70
14.00 , 1390.70
15.00 , 1390.70
14.00 , 1390.70
14.00 , 1397.30
14.00 , 1397.30
14.00 , 1397.30
14.00 , 1397.30
15.00 , 1397.30
14.00 , 1397.30
13.00 , 1397.30
14.00 , 1398.00
14.00 , 1398.00
13.00 , 1398.00
14.00 , 1398.00
13.00 , 1398.00
14.00 , 1398.00
14.00 , 1399.00
14.00 , 1399.00
14.00 , 1399.00
14.00 , 1399.00
13.00 , 1399.00
14.00 , 1399.00
14.00 , 1400.00
14.00 , 1400.00
14.00 , 1400.00
14.00 , 1400.00
14.00 , 1400.00
14.00 , 1400.00
14.00 , 1400.00
13.00 , 1407.30
14.00 , 1407.30
14.00 , 1407.30
13.00 , 1407.30
14.00 , 1407.30
13.00 , 1407.30
13.00 , 1409.00
14.00 , 1409.00
14.00 , 1409.00
13.00 , 1409.00
13.00 , 1409.00
13.00 , 1409.00
14.00 , 1404.70
14.00 , 1404.70
13.00 , 1404.70
14.00 , 1404.70
13.00 , 1404.70
13.00 , 1404.70
14.00 , 1406.00
14.00 , 1406.00
13.00 , 1406.00
14.00 , 1406.00
13.00 , 1406.00
13.00 , 1406.00
14.00 , 1406.00
14.00 , 1407.00
13.00 , 1407.00
13.00 , 1407.00
14.00 , 1407.00
14.00 , 1407.00
13.00 , 1407.00
13.00 , 1407.00
14.00 , 1408.00
13.00 , 1408.00
14.00 , 1408.00
13.00 , 1408.00
14.00 , 1408.00
14.00 , 1408.00
14.00 , 1409.00
13.00 , 1409.00
13.00 , 1409.00
14.00 , 1409.00
14.00 , 1409.00
13.00 , 1409.00
13.00 , 1409.00
13.00 , 1416.30
13.00 , 1416.30
13.00 , 1416.30
14.00 , 1416.30
13.00 , 1416.30
13.00 , 1416.30
13.00 , 1418.00
13.00 , 1418.00
13.00 , 1418.00
13.00 , 1418.00
13.00 , 1418.00
13.00 , 1418.00
13.00 , 1420.00
13.00 , 1420.00
13.00 , 1420.00
13.00 , 1420.00
13.00 , 1420.00
13.00 , 1420.00
13.00 , 1420.00
13.00 , 1422.00
13.00 , 1422.00
13.00 , 1422.00
13.00 , 1422.00
13.00 , 1422.00
13.00 , 1422.00
14.00 , 1417.70
13.00 , 1417.70
13.00 , 1417.70
14.00 , 1417.70
14.00 , 1417.70
13.00 , 1417.70
13.00 , 1425.30
14.00 , 1425.30
13.00 , 1425.30
13.00 , 1425.30
14.00 , 1425.30
13.00 , 1425.30
13.00 , 1427.00
14.00 , 1427.00
13.00 , 1427.00
14.00 , 1427.00
14.00 , 1427.00
13.00 , 1427.00
14.00 , 1427.00
14.00 , 1422.70
13.00 , 1422.70
13.00 , 1422.70
13.00 , 1422.70
13.00 , 1422.70
14.00 , 1422.70
14.00 , 1422.70
13.00 , 1430.30
14.00 , 1430.30
14.00 , 1430.30
13.00 , 1430.30
13.00 , 1430.30
13.00 , 1430.30
13.00 , 1432.00
14.00 , 1432.00
13.00 , 1432.00
13.00 , 1432.00
13.00 , 1432.00
13.00 , 1432.00
13.00 , 1432.00
14.00 , 1427.70
14.00 , 1427.70
13.00 , 1427.70
14.00 , 1427.70
13.00 , 1427.70
14.00 , 1427.70
14.00 , 1429.00
14.00 , 1429.00
13.00 , 1429.00
14.00 , 1429.00
13.00 , 1429.00
13.00 , 1429.00
13.00 , 1436.30
13.00 , 1436.30
14.00 , 1436.30
14.00 , 1436.30
14.00 , 1436.30
14.00 , 1436.30
14.00 , 1436.30
13.00 , 1438.00
14.00 , 1438.00
14.00 , 1438.00
14.00 , 1438.00
14.00 , 1438.00
13.00 , 1438.00
14.00 , 1433.70
13.00 , 1433.70
14.00 , 1433.70
14.00 , 1433.70
14.00 , 1433.70
14.00 , 1433.70
14.00 , 1433.70
14.00 , 1435.00
14.00 , 1435.00
15.00 , 1435.00
14.00 , 1435.00
14.00 , 1435.00
14.00 , 1435.00
14.00 , 1435.00
15.00 , 1429.70
14.00 , 1429.70
14.00 , 1429.70
15.00 , 1429.70
14.00 , 1429.70
14.00 , 1429.70
15.00 , 1430.00
14.00 , 1430.00
14.00 , 1430.00
14.00 , 1430.00
14.00 , 1430.00
14.00 , 1430.00
15.00 , 1430.00
14.00 , 1436.30
14.00 , 1436.30
14.00 , 1436.30
14.00 , 1436.30
14.00 , 1436.30
14.00 , 1436.30
14.00 , 1436.30
14.00 , 1437.00
14.00 , 1437.00
14.00 , 1437.00
14.00 , 1437.00
14.00 , 1437.00
14.00 , 1437.00
14.00 , 1438.00
15.00 , 1438.00
14.00 , 1438.00
14.00 , 1438.00
15.00 , 1438.00
14.00 , 1438.00
14.00 , 1438.00
15.00 , 1432.70
14.00 , 1432.70
13.00 , 1432.70
14.00 , 1432.70
14.00 , 1432.70
14.00 , 1432.70
15.00 , 1433.00
14.00 , 1433.00
14.00 , 1433.00
14.00 , 1433.00
14.00 , 1433.00
14.00 , 1433.00
14.00 , 1439.30
14.00 , 1439.30
14.00 , 1439.30
14.00 , 1439.30
14.00 , 1439.30
14.00 , 1439.30
14.00 , 1439.30
14.00 , 1440.00
14.00 , 1440.00
14.00 , 1440.00
14.00 , 1440.00
14.00 , 1440.00
14.00 , 1440.00
14.00 , 1441.00
14.00 , 1441.00
14.00 , 1441.00
14.00 , 1441.00
14.00 , 1441.00
14.00 , 1441.00
14.00 , 1442.00
14.00 , 1442.00
15.00 , 1442.00
14.00 , 1442.00
14.00 , 1442.00
14.00 , 1442.00
13.00 , 1449.30
14.00 , 1449.30
14.00 , 1449.30
14.00 , 1449.30
13.00 , 1449.30
14.00 , 1449.30
13.00 , 1449.30
13.00 , 1451.00
14.00 , 1451.00
14.00 , 1451.00
13.00 , 1451.00
14.00 , 1451.00
14.00 , 1451.00
13.00 , 1451.00
14.00 , 1446.70
14.00 , 1446.70
14.00 , 1446.70
14.00 , 1446.70
13.00 , 1446.70
14.00 , 1446.70
14.00 , 1448.00
15.00 , 1448.00
14.00 , 1448.00
14.00 , 1448.00
14.00 , 1448.00
13.00 , 1448.00
14.00 , 1448.00
13.00 , 1455.30
15.00 , 1455.30
14.00 , 1455.30
14.00 , 1455.30
14.00 , 1455.30
14.00 , 1455.30
14.00 , 1450.70
14.00 , 1450.70
14.00 , 1450.70
14.00 , 1450.70
14.00 , 1450.70
14.00 , 1450.70
14.00 , 1452.00
14.00 , 1452.00
14.00 , 1452.00
13.00 , 1452.00
14.00 , 1452.00
14.00 , 1452.00
14.00 , 1452.00
14.00 , 1453.00
14.00 , 1453.00
14.00 , 1453.00
14.00 , 1453.00
14.00 , 1453.00
13.00 , 1453.00
14.00 , 1454.00
14.00 , 1454.00
14.00 , 1454.00
14.00 , 1454.00
14.00 , 1454.00
14.00 , 1454.00
14.00 , 1455.00
14.00 , 1455.00
14.00 , 1455.00
14.00 , 1455.00
14.00 , 1455.00
14.00 , 1455.00
13.00 , 1462.30
14.00 , 1462.30
14.00 , 1462.30
14.00 , 1462.30
14.00 , 1462.30
14.00 , 1462.30
14.00 , 1462.30
14.00 , 1457.70
14.00 , 1457.70
14.00 , 1457.70
14.00 , 1457.70
15.00 , 1457.70
14.00 , 1457.70
14.00 , 1457.70
14.00 , 1459.00
14.00 , 1459.00
15.00 , 1459.00
15.00 , 1459.00
14.00 , 1459.00
14.00 , 1459.00
15.00 , 1453.70
15.00 , 1453.70
14.00 , 1453.70
15.00 , 1453.70
14.00 , 1453.70
15.00 , 1453.70
15.00 , 1453.70
15.00 , 1454.00
14.00 , 1454.00
15.00 , 1454.00
14.00 , 1454.00
14.00 , 1454.00
15.00 , 1454.00
15.00 , 1454.00
14.00 , 1454.00
15.00 , 1454.00
15.00 , 1454.00
15.00 , 1454.00
15.00 , 1454.00
15.00 , 1454.00
15.00 , 1454.00
15.00 , 1454.00
15.00 , 1454.00
15.00 , 1454.00
15.00 , 1454.00
15.00 , 1454.00
14.00 , 1460.30
15.00 , 1460.30
14.00 , 1460.30
15.00 , 1460.30
14.00 , 1460.30
15.00 , 1460.30
15.00 , 1454.70
14.00 , 1454.70
15.00 , 1454.70
15.00 , 1454.70
15.00 , 1454.70
15.00 , 1454.70
15.00 , 1454.70
15.00 , 1455.00
15.00 , 1455.00
15.00 , 1455.00
15.00 , 1455.00
15.00 , 1455.00
15.00 , 1455.00
15.00 , 1455.00
15.00 , 1455.00
15.00 , 1455.00
15.00 , 1455.00
16.00 , 1455.00
15.00 , 1455.00
15.00 , 1455.00
15.00 , 1455.00
15.00 , 1455.00
15.00 , 1455.00
15.00 , 1455.00
14.00 , 1455.00
15.00 , 1455.00
15.00 , 1455.00
15.00 , 1455.00
13.00 , 1455.00
15.00 , 1455.00
15.00 , 1455.00
15.00 , 1455.00
15.00 , 1455.00
15.00 , 1455.00
15.00 , 1455.00
15.00 , 1455.00
15.00 , 1455.00
15.00 , 1455.00
15.00 , 1455.00
15.00 , 1455.00
15.00 , 1455.00
15.00 , 1455.00
15.00 , 1455.00
15.00 , 1455.00
15.00 , 1455.00
15.00 , 1455.00
16.00 , 1455.00
15.00 , 1455.00
14.00 , 1455.00
14.00 , 1455.00
16.00 , 1455.00
14.00 , 1455.00
15.00 , 1455.00
15.00 , 1455.00
14.00 , 1455.00
15.00 , 1455.00
15.00 , 1455.00
14.00 , 1455.00
15.00 , 1455.00
15.00 , 1455.00
14.00 , 1455.00
16.00 , 1455.00
15.00 , 1455.00
15.00 , 1455.00
15.00 , 1455.00
15.00 , 1455.00
15.00 , 1455.00
15.00 , 1455.00
15.00 , 1455.00
14.00 , 1455.00
15.00 , 1455.00
15.00 , 1455.00
15.00 , 1455.00
15.00 , 1455.00
15.00 , 1455.00
15.00 , 1455.00
15.00 , 1455.00
15.00 , 1455.00
15.00 , 1455.00
15.00 , 1455.00
15.00 , 1455.00
15.00 , 1455.00
15.00 , 1455.00
15.00 , 1455.00
15.00 , 1455.00
14.00 , 1455.00
15.00 , 1455.00
15.00 , 1455.00
15.00 , 1455.00
15.00 , 1455.00
15.00 , 1455.00
15.00 , 1455.00
15.00 , 1455.00
15.00 , 1455.00
15.00 , 1455.00
15.00 , 1455.00
15.00 , 1455.00
15.00 , 1455.00
15.00 , 1455.00
15.00 , 1455.00
15.00 , 1455.00
15.00 , 1455.00
15.00 , 1455.00
15.00 , 1455.00
14.00 , 1461.30
15.00 , 1461.30
15.00 , 1461.30
14.00 , 1461.30
15.00 , 1461.30
15.00 , 1461.30
14.00 , 1461.30
15.00 , 1455.70
15.00 , 1455.70
14.00 , 1455.70
15.00 , 1455.70
15.00 , 1455.70
14.00 , 1455.70
15.00 , 1456.00
15.00 , 1456.00
14.00 , 1456.00
14.00 , 1456.00
15.00 , 1456.00
15.00 , 1456.00
15.00 , 1456.00
15.00 , 1456.00
15.00 , 1456.00
15.00 , 1456.00
15.00 , 1456.00
15.00 , 1456.00
15.00 , 1456.00
15.00 , 1456.00
15.00 , 1456.00
15.00 , 1456.00
14.00 , 1456.00
15.00 , 1456.00
15.00 , 1456.00
15.00 , 1456.00
15.00 , 1456.00
15.00 , 1456.00
15.00 , 1456.00
15.00 , 1456.00
15.00 , 1456.00
15.00 , 1456.00
15.00 , 1456.00
14.00 , 1456.00
15.00 , 1456.00
15.00 , 1456.00
15.00 , 1456.00
15.00 , 1456.00
15.00 , 1456.00
15.00 , 1456.00
15.00 , 1456.00
15.00 , 1456.00
15.00 , 1456.00
15.00 , 1456.00
15.00 , 1456.00
15.00 , 1456.00
14.00 , 1456.00
15.00 , 1456.00
15.00 , 1456.00
15.00 , 1456.00
15.00 , 1456.00
15.00 , 1456.00
15.00 , 1456.00
15.00 , 1456.00
15.00 , 1456.00
15.00 , 1456.00
15.00 , 1456.00
14.00 , 1462.30
15.00 , 1462.30
15.00 , 1462.30
15.00 , 1462.30
15.00 , 1462.30
14.00 , 1462.30
15.00 , 1462.30
14.00 , 1463.00
15.00 , 1463.00
15.00 , 1463.00
14.00 , 1463.00
15.00 , 1463.00
15.00 , 1463.00
14.00 , 1464.00
15.00 , 1464.00
15.00 , 1464.00
15.00 , 1464.00
15.00 , 1464.00
14.00 , 1464.00
15.00 , 1458.70
14.00 , 1458.70
15.00 , 1458.70
14.00 , 1458.70
15.00 , 1458.70
15.00 , 1458.70
15.00 , 1458.70
15.00 , 1459.00
16.00 , 1459.00
15.00 , 1459.00
15.00 , 1459.00
15.00 , 1459.00
15.00 , 1459.00
15.00 , 1459.00
14.00 , 1459.00
15.00 , 1459.00
15.00 , 1459.00
14.00 , 1459.00
15.00 , 1459.00
15.00 , 1459.00
15.00 , 1459.00
15.00 , 1459.00
15.00 , 1459.00
15.00 , 1459.00
15.00 , 1459.00
15.00 , 1459.00
15.00 , 1459.00
14.00 , 1465.30
15.00 , 1465.30
15.00 , 1465.30
15.00 , 1465.30
15.00 , 1465.30
15.00 , 1465.30
15.00 , 1459.70
15.00 , 1459.70
15.00 , 1459.70
15.00 , 1459.70
15.00 , 1459.70
15.00 , 1459.70
15.00 , 1459.70
15.00 , 1460.00
15.00 , 1460.00
15.00 , 1460.00
15.00 , 1460.00
15.00 , 1460.00
14.00 , 1460.00
15.00 , 1460.00
15.00 , 1460.00
15.00 , 1460.00
15.00 , 1460.00
15.00 , 1460.00
15.00 , 1460.00
15.00 , 1460.00
15.00 , 1460.00
14.00 , 1460.00
15.00 , 1460.00
14.00 , 1460.00
15.00 , 1460.00
15.00 , 1460.00
14.00 , 1460.00
15.00 , 1460.00
15.00 , 1460.00
15.00 , 1460.00
15.00 , 1460.00
15.00 , 1460.00
14.00 , 1460.00
15.00 , 1460.00
15.00 , 1460.00
15.00 , 1460.00
15.00 , 1460.00
15.00 , 1460.00
14.00 , 1460.00
15.00 , 1460.00
15.00 , 1460.00
15.00 , 1460.00
14.00 , 1460.00
15.00 , 1460.00
15.00 , 1460.00
15.00 , 1460.00
15.00 , 1460.00
15.00 , 1460.00
14.00 , 1460.00
15.00 , 1460.00
15.00 , 1460.00
15.00 , 1460.00
15.00 , 1460.00
15.00 , 1460.00
15.00 , 1460.00
14.00 , 1460.00
15.00 , 1460.00
15.00 , 1460.00
15.00 , 1460.00
15.00 , 1460.00
14.00 , 1460.00
15.00 , 1460.00
16.00 , 1460.00
15.00 , 1460.00
15.00 , 1460.00
14.00 , 1460.00
15.00 , 1460.00
15.00 , 1460.00
14.00 , 1460.00
15.00 , 1460.00
15.00 , 1460.00
15.00 , 1460.00
15.00 , 1460.00
15.00 , 1460.00
15.00 , 1460.00
15.00 , 1460.00
14.00 , 1460.00
15.00 , 1460.00
14.00 , 1466.30
15.00 , 1466.30
14.00 , 1466.30
15.00 , 1466.30
15.00 , 1466.30
15.00 , 1466.30
14.00 , 1467.00
15.00 , 1467.00
15.00 , 1467.00
15.00 , 1467.00
15.00 , 1467.00
14.00 , 1467.00
15.00 , 1467.00
15.00 , 1461.70
15.00 , 1461.70
15.00 , 1461.70
14.00 , 1461.70
15.00 , 1461.70
16.00 , 1461.70
14.00 , 1468.30
15.00 , 1468.30
14.00 , 1468.30
15.00 , 1468.30
16.00 , 1468.30
15.00 , 1468.30
15.00 , 1462.70
14.00 , 1462.70
15.00 , 1462.70
14.00 , 1462.70
15.00 , 1462.70
15.00 , 1462.70
14.00 , 1462.70
15.00 , 1463.00
15.00 , 1463.00
15.00 , 1463.00
14.00 , 1463.00
15.00 , 1463.00
15.00 , 1463.00
15.00 , 1463.00
15.00 , 1463.00
15.00 , 1463.00
14.00 , 1463.00
15.00 , 1463.00
15.00 , 1463.00
15.00 , 1463.00
15.00 , 1463.00
15.00 , 1463.00
15.00 , 1463.00
14.00 , 1463.00
15.00 , 1463.00
15.00 , 1463.00
14.00 , 1463.00
15.00 , 1463.00
15.00 , 1463.00
14.00 , 1463.00
15.00 , 1463.00
15.00 , 1463.00
15.00 , 1463.00
15.00 , 1463.00
15.00 , 1463.00
15.00 , 1463.00
15.00 , 1463.00
15.00 , 1463.00
15.00 , 1463.00
15.00 , 1463.00
15.00 , 1463.00
15.00 , 1463.00
14.00 , 1463.00
15.00 , 1463.00
15.00 , 1463.00
15.00 , 1463.00
15.00 , 1463.00
15.00 , 1463.00
14.00 , 1463.00
15.00 , 1463.00
15.00 , 1463.00
15.00 , 1463.00
15.00 , 1463.00
15.00 , 1463.00
15.00 , 1463.00
15.00 , 1463.00
15.00 , 1463.00
15.00 , 1463.00
15.00 , 1463.00
15.00 , 1463.00
15.00 , 1463.00
15.00 , 1463.00
15.00 , 1463.00
15.00 , 1463.00
14.00 , 1469.30
15.00 , 1469.30
15.00 , 1469.30
15.00 , 1469.30
16.00 , 1469.30
15.00 , 1469.30
15.00 , 1469.30
15.00 , 1463.70
15.00 , 1463.70
15.00 , 1463.70
15.00 , 1463.70
15.00 , 1463.70
15.00 , 1463.70
15.00 , 1464.00
15.00 , 1464.00
15.00 , 1464.00
14.00 , 1464.00
15.00 , 1464.00
15.00 , 1464.00
14.00 , 1464.00
15.00 , 1464.00
15.00 , 1464.00
14.00 , 1464.00
15.00 , 1464.00
15.00 , 1464.00
14.00 , 1464.00
15.00 , 1464.00
14.00 , 1470.30
15.00 , 1470.30
15.00 , 1470.30
14.00 , 1470.30
15.00 , 1470.30
15.00 , 1470.30
15.00 , 1464.70
15.00 , 1464.70
15.00 , 1464.70
15.00 , 1464.70
15.00 , 1464.70
15.00 , 1464.70
15.00 , 1464.70
15.00 , 1465.00
15.00 , 1465.00
15.00 , 1465.00
15.00 , 1465.00
14.00 , 1465.00
15.00 , 1465.00
14.00 , 1465.00
15.00 , 1465.00
15.00 , 1465.00
15.00 , 1465.00
15.00 , 1465.00
15.00 , 1465.00
15.00 , 1465.00
15.00 , 1465.00
15.00 , 1465.00
15.00 , 1465.00
15.00 , 1465.00
15.00 , 1465.00
15.00 , 1465.00
15.00 , 1465.00
14.00 , 1471.30
15.00 , 1471.30
15.00 , 1471.30
14.00 , 1471.30
15.00 , 1471.30
15.00 , 1471.30
14.00 , 1472.00
15.00 , 1472.00
15.00 , 1472.00
15.00 , 1472.00
15.00 , 1472.00
14.00 , 1472.00
15.00 , 1466.70
15.00 , 1466.70
15.00 , 1466.70
14.00 , 1466.70
15.00 , 1466.70
15.00 , 1466.70
14.00 , 1466.70
15.00 , 1467.00
15.00 , 1467.00
15.00 , 1467.00
14.00 , 1467.00
15.00 , 1467.00
15.00 , 1467.00
15.00 , 1467.00
15.00 , 1467.00
14.00 , 1467.00
15.00 , 1467.00
15.00 , 1467.00
15.00 , 1467.00
15.00 , 1467.00
15.00 , 1467.00
14.00 , 1467.00
15.00 , 1467.00
15.00 , 1467.00
15.00 , 1467.00
15.00 , 1467.00
15.00 , 1467.00
15.00 , 1467.00
15.00 , 1467.00
14.00 , 1467.00
14.00 , 1467.00
15.00 , 1467.00
15.00 , 1467.00
15.00 , 1467.00
15.00 , 1467.00
15.00 , 1467.00
15.00 , 1467.00
15.00 , 1467.00
15.00 , 1467.00
15.00 , 1467.00
15.00 , 1467.00
15.00 , 1467.00
15.00 , 1467.00
15.00 , 1467.00
