0.00 , 1075.00
0.00 , 1075.00
0.00 , 1075.00
0.00 , 1075.00
0.00 , 1075.00
0.00 , 1075.00
0.00 , 1075.00
0.00 , 1075.00
0.00 , 1090.00
0.00 , 1090.00
0.00 , 1090.00
0.00 , 1090.00
0.00 , 1090.00
0.00 , 1090.00
0.00 , 1090.00
0.00 , 1105.00
0.00 , 1105.00
0.00 , 1105.00
0.00 , 1105.00
0.00 , 1105.00
0.00 , 1105.00
0.00 , 1105.00
0.00 , 1120.00
0.00 , 1120.00
0.00 , 1120.00
0.00 , 1120.00
0.00 , 1120.00
0.00 , 1120.00
0.00 , 1120.00
0.00 , 1135.00
0.00 , 1135.00
0.00 , 1135.00
0.00 , 1135.00
0.00 , 1135.00
0.00 , 1135.00
0.00 , 1135.00
0.00 , 1150.00
0.00 , 1150.00
0.00 , 1150.00
0.00 , 1150.00
0.00 , 1150.00
0.00 , 1150.00
0.00 , 1150.00
0.00 , 1165.00
0.00 , 1165.00
0.00 , 1165.00
0.00 , 1165.00
0.00 , 1165.00
0.00 , 1165.00
0.00 , 1165.00
0.00 , 1180.00
0.00 , 1180.00
0.00 , 1180.00
0.00 , 1180.00
0.00 , 1180.00
0.00 , 1180.00
0.00 , 1180.00
0.00 , 1195.00
0.00 , 1195.00
1.00 , 1195.00
0.00 , 1195.00
1.00 , 1195.00
0.00 , 1195.00
0.00 , 1195.00
0.00 , 1210.00
1.00 , 1210.00
2.00 , 1210.00
0.00 , 1210.00
1.00 , 1210.00
2.00 , 1210.00
1.00 , 1210.00
1.00 , 1219.70
2.00 , 1219.70
1.00 , 1219.70
1.00 , 1219.70
2.00 , 1219.70
2.00 , 1219.70
2.00 , 1219.70
2.00 , 1228.70
2.00 , 1228.70
2.00 , 1228.70
2.00 , 1228.70
4.00 , 1228.70
2.00 , 1228.70
0.00 , 1228.70
2.00 , 1242.00
3.00 , 1242.00
3.00 , 1242.00
3.00 , 1242.00
4.00 , 1242.00
2.00 , 1242.00
3.00 , 1242.00
4.00 , 1244.40
4.00 , 1244.40
4.00 , 1244.40
4.00 , 1244.40
4.00 , 1244.40
4.00 , 1244.40
4.00 , 1244.40
4.00 , 1256.00
3.00 , 1256.00
4.00 , 1256.00
4.00 , 1256.00
4.00 , 1256.00
4.00 , 1256.00
4.00 , 1256.00
5.00 , 1261.70
4.00 , 1261.70
5.00 , 1261.70
5.00 , 1261.70
5.00 , 1261.70
5.00 , 1261.70
5.00 , 1261.70
5.00 , 1272.00
5.00 , 1272.00
6.00 , 1272.00
6.00 , 1272.00
5.00 , 1272.00
6.00 , 1272.00
6.00 , 1272.00
6.00 , 1276.70
6.00 , 1276.70
6.00 , 1276.70
6.00 , 1276.70
6.00 , 1276.70
6.00 , 1276.70
6.00 , 1276.70
6.00 , 1286.00
6.00 , 1286.00
6.00 , 1286.00
6.00 , 1286.00
6.00 , 1286.00
7.00 , 1286.00
6.00 , 1286.00
7.00 , 1289.70
6.00 , 1289.70
6.00 , 1289.70
6.00 , 1289.70
6.00 , 1289.70
5.00 , 1289.70
6.00 , 1289.70
7.00 , 1298.00
6.00 , 1298.00
7.00 , 1298.00
6.00 , 1298.00
6.00 , 1298.00
7.00 , 1298.00
6.00 , 1298.00
6.00 , 1311.30
6.00 , 1311.30
8.00 , 1311.30
7.00 , 1311.30
7.00 , 1311.30
7.00 , 1311.30
7.00 , 1311.30
7.00 , 1314.70
7.00 , 1314.70
8.00 , 1314.70
7.00 , 1314.70
7.00 , 1314.70
7.00 , 1314.70
7.00 , 1314.70
7.00 , 1323.00
7.00 , 1323.00
7.00 , 1323.00
7.00 , 1323.00
8.00 , 1323.00
7.00 , 1323.00
8.00 , 1323.00
8.00 , 1325.70
8.00 , 1325.70
7.00 , 1325.70
8.00 , 1325.70
8.00 , 1325.70
8.00 , 1325.70
8.00 , 1325.70
8.00 , 1333.00
8.00 , 1333.00
8.00 , 1333.00
8.00 , 1333.00
8.00 , 1333.00
8.00 , 1333.00
8.00 , 1333.00
8.00 , 1340.00
10.00 , 1340.00
8.00 , 1340.00
9.00 , 1340.00
9.00 , 1340.00
9.00 , 1340.00
9.00 , 1340.00
9.00 , 1341.70
9.00 , 1341.70
9.00 , 1341.70
9.00 , 1341.70
9.00 , 1341.70
9.00 , 1341.70
9.00 , 1341.70
9.00 , 1348.00
10.00 , 1348.00
9.00 , 1348.00
9.00 , 1348.00
9.00 , 1348.00
10.00 , 1348.00
9.00 , 1348.00
9.00 , 1354.00
10.00 , 1354.00
10.00 , 1354.00
10.00 , 1354.00
10.00 , 1354.00
9.00 , 1354.00
9.00 , 1354.00
10.00 , 1354.70
10.00 , 1354.70
10.00 , 1354.70
9.00 , 1354.70
9.00 , 1354.70
10.00 , 1354.70
9.00 , 1354.70
10.00 , 1360.00
10.00 , 1360.00
10.00 , 1360.00
10.00 , 1360.00
10.00 , 1360.00
10.00 , 1360.00
10.00 , 1360.00
10.00 , 1365.00
10.00 , 1365.00
10.00 , 1365.00
10.00 , 1365.00
10.00 , 1365.00
10.00 , 1365.00
10.00 , 1365.00
11.00 , 1364.70
10.00 , 1364.70
10.00 , 1364.70
10.00 , 1364.70
11.00 , 1364.70
10.00 , 1364.70
10.00 , 1374.30
10.00 , 1374.30
11.00 , 1374.30
11.00 , 1374.30
10.00 , 1374.30
11.00 , 1374.30
11.00 , 1374.30
10.00 , 1379.00
10.00 , 1379.00
11.00 , 1379.00
11.00 , 1379.00
11.00 , 1379.00
11.00 , 1379.00
11.00 , 1379.00
11.00 , 1378.70
11.00 , 1378.70
11.00 , 1378.70
11.00 , 1378.70
11.00 , 1378.70
10.00 , 1378.70
11.00 , 1383.00
11.00 , 1383.00
11.00 , 1383.00
11.00 , 1383.00
11.00 , 1383.00
11.00 , 1383.00
11.00 , 1383.00
11.00 , 1387.00
11.00 , 1387.00
11.00 , 1387.00
11.00 , 1387.00
11.00 , 1387.00
11.00 , 1387.00
11.00 , 1391.00
11.00 , 1391.00
11.00 , 1391.00
11.00 , 1391.00
11.00 , 1391.00
11.00 , 1391.00
11.00 , 1395.00
10.00 , 1395.00
11.00 , 1395.00
11.00 , 1395.00
11.00 , 1395.00
11.00 , 1395.00
11.00 , 1395.00
11.00 , 1399.00
11.00 , 1399.00
11.00 , 1399.00
11.00 , 1399.00
11.00 , 1399.00
11.00 , 1399.00
11.00 , 1403.00
11.00 , 1403.00
11.00 , 1403.00
11.00 , 1403.00
11.00 , 1403.00
11.00 , 1403.00
10.00 , 1412.30
11.00 , 1412.30
11.00 , 1412.30
11.00 , 1412.30
11.00 , 1412.30
11.00 , 1412.30
11.00 , 1411.70
11.00 , 1411.70
11.00 , 1411.70
11.00 , 1411.70
11.00 , 1411.70
11.00 , 1411.70
11.00 , 1411.70
11.00 , 1416.00
11.00 , 1416.00
11.00 , 1416.00
11.00 , 1416.00
12.00 , 1416.00
12.00 , 1416.00
11.00 , 1416.00
11.00 , 1420.00
11.00 , 1420.00
11.00 , 1420.00
12.00 , 1420.00
12.00 , 1420.00
12.00 , 1420.00
12.00 , 1418.70
11.00 , 1418.70
12.00 , 1418.70
12.00 , 1418.70
12.00 , 1418.70
12.00 , 1418.70
12.00 , 1418.70
13.00 , 1416.70
12.00 , 1416.70
13.00 , 1416.70
13.00 , 1416.70
13.00 , 1416.70
13.00 , 1416.70
13.00 , 1419.00
13.00 , 1419.00
14.00 , 1419.00
13.00 , 1419.00
13.00 , 1419.00
13.00 , 1419.00
13.00 , 1421.00
13.00 , 1421.00
14.00 , 1421.00
13.00 , 1421.00
13.00 , 1421.00
13.00 , 1421.00
14.00 , 1421.00
14.00 , 1417.70
14.00 , 1417.70
14.00 , 1417.70
14.00 , 1417.70
14.00 , 1417.70
14.00 , 1417.70
14.00 , 1419.00
12.00 , 1419.00
14.00 , 1419.00
14.00 , 1419.00
14.00 , 1419.00
14.00 , 1419.00
14.00 , 1419.00
14.00 , 1420.00
13.00 , 1420.00
14.00 , 1420.00
14.00 , 1420.00
14.00 , 1420.00
15.00 , 1420.00
14.00 , 1420.00
14.00 , 1421.00
13.00 , 1421.00
14.00 , 1421.00
14.00 , 1421.00
14.00 , 1421.00
14.00 , 1421.00
13.00 , 1427.30
13.00 , 1427.30
13.00 , 1427.30
13.00 , 1427.30
13.00 , 1427.30
13.00 , 1427.30
13.00 , 1427.30
13.00 , 1429.00
13.00 , 1429.00
13.00 , 1429.00
13.00 , 1429.00
13.00 , 1429.00
13.00 , 1429.00
13.00 , 1429.00
13.00 , 1431.00
13.00 , 1431.00
13.00 , 1431.00
12.00 , 1431.00
13.00 , 1431.00
13.00 , 1431.00
13.00 , 1433.00
13.00 , 1433.00
13.00 , 1433.00
14.00 , 1433.00
13.00 , 1433.00
14.00 , 1433.00
13.00 , 1433.00
13.00 , 1435.00
13.00 , 1435.00
14.00 , 1435.00
13.00 , 1435.00
13.00 , 1435.00
12.00 , 1435.00
13.00 , 1435.00
14.00 , 1431.70
14.00 , 1431.70
13.00 , 1431.70
14.00 , 1431.70
13.00 , 1431.70
14.00 , 1431.70
14.00 , 1433.00
14.00 , 1433.00
14.00 , 1433.00
13.00 , 1433.00
15.00 , 1433.00
14.00 , 1433.00
14.00 , 1433.00
14.00 , 1434.00
14.00 , 1434.00
14.00 , 1434.00
14.00 , 1434.00
14.00 , 1434.00
15.00 , 1434.00
14.00 , 1435.00
15.00 , 1435.00
14.00 , 1435.00
15.00 , 1435.00
14.00 , 1435.00
15.00 , 1435.00
15.00 , 1430.70
15.00 , 1430.70
14.00 , 1430.70
15.00 , 1430.70
15.00 , 1430.70
15.00 , 1430.70
14.00 , 1430.70
14.00 , 1436.30
14.00 , 1436.30
15.00 , 1436.30
15.00 , 1436.30
14.00 , 1436.30
14.00 , 1436.30
14.00 , 1437.00
14.00 , 1437.00
14.00 , 1437.00
15.00 , 1437.00
14.00 , 1437.00
14.00 , 1437.00
14.00 , 1437.00
14.00 , 1438.00
14.00 , 1438.00
14.00 , 1438.00
14.00 , 1438.00
14.00 , 1438.00
14.00 , 1438.00
14.00 , 1438.00
14.00 , 1439.00
14.00 , 1439.00
14.00 , 1439.00
14.00 , 1439.00
14.00 , 1439.00
14.00 , 1439.00
14.00 , 1440.00
14.00 , 1440.00
14.00 , 1440.00
14.00 , 1440.00
14.00 , 1440.00
14.00 , 1440.00
13.00 , 1440.00
14.00 , 1441.00
14.00 , 1441.00
14.00 , 1441.00
14.00 , 1441.00
14.00 , 1441.00
14.00 , 1441.00
14.00 , 1441.00
14.00 , 1442.00
14.00 , 1442.00
14.00 , 1442.00
14.00 , 1442.00
14.00 , 1442.00
14.00 , 1442.00
14.00 , 1443.00
14.00 , 1443.00
14.00 , 1443.00
14.00 , 1443.00
14.00 , 1443.00
14.00 , 1443.00
14.00 , 1443.00
14.00 , 1444.00
14.00 , 1444.00
14.00 , 1444.00
14.00 , 1444.00
14.00 , 1444.00
14.00 , 1444.00
14.00 , 1445.00
14.00 , 1445.00
14.00 , 1445.00
14.00 , 1445.00
14.00 , 1445.00
14.00 , 1445.00
14.00 , 1446.00
14.00 , 1446.00
14.00 , 1446.00
14.00 , 1446.00
15.00 , 1446.00
14.00 , 1446.00
14.00 , 1446.00
14.00 , 1447.00
14.00 , 1447.00
14.00 , 1447.00
15.00 , 1447.00
14.00 , 1447.00
15.00 , 1447.00
14.00 , 1448.00
14.00 , 1448.00
14.00 , 1448.00
14.00 , 1448.00
15.00 , 1448.00
14.00 , 1448.00
14.00 , 1448.00
14.00 , 1449.00
14.00 , 1449.00
14.00 , 1449.00
14.00 , 1449.00
14.00 , 1449.00
14.00 , 1449.00
14.00 , 1449.00
15.00 , 1444.70
14.00 , 1444.70
14.00 , 1444.70
14.00 , 1444.70
14.00 , 1444.70
14.00 , 1444.70
14.00 , 1450.30
15.00 , 1450.30
14.00 , 1450.30
15.00 , 1450.30
14.00 , 1450.30
15.00 , 1450.30
14.00 , 1450.30
13.00 , 1456.30
14.00 , 1456.30
15.00 , 1456.30
14.00 , 1456.30
14.00 , 1456.30
14.00 , 1456.30
14.00 , 1456.30
15.00 , 1447.40
14.00 , 1447.40
14.00 , 1447.40
14.00 , 1447.40
14.00 , 1447.40
14.00 , 1447.40
14.00 , 1453.30
14.00 , 1453.30
14.00 , 1453.30
15.00 , 1453.30
14.00 , 1453.30
14.00 , 1453.30
14.00 , 1453.30
14.00 , 1454.00
15.00 , 1454.00
15.00 , 1454.00
15.00 , 1454.00
14.00 , 1454.00
14.00 , 1454.00
14.00 , 1455.00
14.00 , 1455.00
14.00 , 1455.00
14.00 , 1455.00
14.00 , 1455.00
15.00 , 1455.00
13.00 , 1461.30
14.00 , 1461.30
14.00 , 1461.30
14.00 , 1461.30
14.00 , 1461.30
14.00 , 1461.30
15.00 , 1461.30
14.00 , 1457.70
15.00 , 1457.70
15.00 , 1457.70
13.00 , 1457.70
14.00 , 1457.70
14.00 , 1457.70
14.00 , 1459.00
14.00 , 1459.00
14.00 , 1459.00
14.00 , 1459.00
14.00 , 1459.00
14.00 , 1459.00
14.00 , 1460.00
14.00 , 1460.00
14.00 , 1460.00
14.00 , 1460.00
14.00 , 1460.00
14.00 , 1460.00
14.00 , 1461.00
14.00 , 1461.00
14.00 , 1461.00
14.00 , 1461.00
14.00 , 1461.00
14.00 , 1461.00
14.00 , 1461.00
15.00 , 1456.70
14.00 , 1456.70
14.00 , 1456.70
14.00 , 1456.70
14.00 , 1456.70
14.00 , 1456.70
14.00 , 1456.70
15.00 , 1457.00
14.00 , 1457.00
12.00 , 1457.00
14.00 , 1457.00
14.00 , 1457.00
15.00 , 1457.00
15.00 , 1457.00
15.00 , 1457.00
14.00 , 1457.00
15.00 , 1457.00
14.00 , 1457.00
14.00 , 1457.00
14.00 , 1457.00
15.00 , 1457.00
14.00 , 1457.00
14.00 , 1457.00
15.00 , 1457.00
15.00 , 1457.00
14.00 , 1457.00
15.00 , 1457.00
14.00 , 1457.00
14.00 , 1457.00
15.00 , 1457.00
14.00 , 1457.00
15.00 , 1457.00
13.00 , 1467.60
15.00 , 1467.60
15.00 , 1467.60
15.00 , 1467.60
15.00 , 1467.60
15.00 , 1467.60
15.00 , 1467.60
15.00 , 1458.40
15.00 , 1458.40
15.00 , 1458.40
15.00 , 1458.40
14.00 , 1458.40
14.00 , 1458.40
15.00 , 1459.00
14.00 , 1459.00
14.00 , 1459.00
15.00 , 1459.00
14.00 , 1459.00
14.00 , 1459.00
14.00 , 1459.00
15.00 , 1459.00
14.00 , 1459.00
15.00 , 1459.00
15.00 , 1459.00
15.00 , 1459.00
14.00 , 1459.00
14.00 , 1459.00
15.00 , 1459.00
14.00 , 1459.00
15.00 , 1459.00
14.00 , 1459.00
14.00 , 1459.00
15.00 , 1459.00
15.00 , 1459.00
15.00 , 1459.00
14.00 , 1459.00
14.00 , 1459.00
15.00 , 1459.00
15.00 , 1459.00
15.00 , 1459.00
15.00 , 1459.00
14.00 , 1459.00
16.00 , 1459.00
14.00 , 1459.00
14.00 , 1459.00
14.00 , 1459.00
15.00 , 1459.00
15.00 , 1459.00
15.00 , 1459.00
15.00 , 1459.00
14.00 , 1459.00
15.00 , 1459.00
14.00 , 1459.00
15.00 , 1459.00
15.00 , 1459.00
15.00 , 1459.00
15.00 , 1459.00
15.00 , 1459.00
15.00 , 1459.00
14.00 , 1459.00
14.00 , 1464.30
15.00 , 1464.30
14.00 , 1464.30
15.00 , 1464.30
15.00 , 1464.30
15.00 , 1464.30
15.00 , 1464.30
14.00 , 1465.00
14.00 , 1465.00
15.00 , 1465.00
15.00 , 1465.00
14.00 , 1465.00
15.00 , 1465.00
14.00 , 1466.00
15.00 , 1466.00
14.00 , 1466.00
14.00 , 1466.00
15.00 , 1466.00
14.00 , 1466.00
14.00 , 1466.00
14.00 , 1467.00
15.00 , 1467.00
15.00 , 1467.00
15.00 , 1467.00
15.00 , 1467.00
15.00 , 1467.00
14.00 , 1468.00
15.00 , 1468.00
15.00 , 1468.00
15.00 , 1468.00
15.00 , 1468.00
15.00 , 1468.00
14.00 , 1469.00
15.00 , 1469.00
15.00 , 1469.00
15.00 , 1469.00
14.00 , 1469.00
15.00 , 1469.00
15.00 , 1469.00
15.00 , 1464.70
15.00 , 1464.70
15.00 , 1464.70
15.00 , 1464.70
14.00 , 1464.70
14.00 , 1464.70
15.00 , 1465.00
14.00 , 1465.00
14.00 , 1465.00
15.00 , 1465.00
13.00 , 1465.00
14.00 , 1465.00
14.00 , 1465.00
14.00 , 1470.30
14.00 , 1470.30
14.00 , 1470.30
15.00 , 1470.30
15.00 , 1470.30
15.00 , 1470.30
15.00 , 1470.30
14.00 , 1471.00
14.00 , 1471.00
15.00 , 1471.00
14.00 , 1471.00
15.00 , 1471.00
14.00 , 1471.00
14.00 , 1472.00
14.00 , 1472.00
15.00 , 1472.00
15.00 , 1472.00
15.00 , 1472.00
15.00 , 1472.00
15.00 , 1472.00
15.00 , 1467.70
15.00 , 1467.70
14.00 , 1467.70
15.00 , 1467.70
15.00 , 1467.70
14.00 , 1467.70
15.00 , 1467.70
15.00 , 1468.00
15.00 , 1468.00
15.00 , 1468.00
15.00 , 1468.00
14.00 , 1468.00
14.00 , 1468.00
15.00 , 1468.00
15.00 , 1468.00
15.00 , 1468.00
15.00 , 1468.00
14.00 , 1468.00
15.00 , 1468.00
15.00 , 1468.00
15.00 , 1468.00
15.00 , 1468.00
15.00 , 1468.00
15.00 , 1468.00
14.00 , 1468.00
14.00 , 1468.00
14.00 , 1473.30
16.00 , 1473.30
15.00 , 1473.30
16.00 , 1473.30
15.00 , 1473.30
15.00 , 1473.30
15.00 , 1468.70
15.00 , 1468.70
15.00 , 1468.70
15.00 , 1468.70
15.00 , 1468.70
14.00 , 1468.70
15.00 , 1468.70
15.00 , 1469.00
15.00 , 1469.00
15.00 , 1469.00
15.00 , 1469.00
14.00 , 1469.00
15.00 , 1469.00
15.00 , 1469.00
14.00 , 1469.00
15.00 , 1469.00
14.00 , 1469.00
15.00 , 1469.00
15.00 , 1469.00
15.00 , 1469.00
13.00 , 1479.60
14.00 , 1479.60
15.00 , 1479.60
15.00 , 1479.60
15.00 , 1479.60
15.00 , 1479.60
15.00 , 1479.60
15.00 , 1470.40
15.00 , 1470.40
15.00 , 1470.40
15.00 , 1470.40
15.00 , 1470.40
14.00 , 1470.40
14.00 , 1476.30
15.00 , 1476.30
14.00 , 1476.30
15.00 , 1476.30
15.00 , 1476.30
15.00 , 1476.30
15.00 , 1476.30
14.00 , 1477.00
15.00 , 1477.00
15.00 , 1477.00
15.00 , 1477.00
15.00 , 1477.00
15.00 , 1477.00
15.00 , 1477.00
15.00 , 1472.70
15.00 , 1472.70
15.00 , 1472.70
15.00 , 1472.70
14.00 , 1472.70
15.00 , 1472.70
15.00 , 1473.00
15.00 , 1473.00
15.00 , 1473.00
15.00 , 1473.00
15.00 , 1473.00
15.00 , 1473.00
15.00 , 1473.00
15.00 , 1473.00
15.00 , 1473.00
15.00 , 1473.00
15.00 , 1473.00
15.00 , 1473.00
15.00 , 1473.00
15.00 , 1473.00
14.00 , 1473.00
14.00 , 1473.00
15.00 , 1473.00
15.00 , 1473.00
15.00 , 1473.00
16.00 , 1467.70
15.00 , 1467.70
15.00 , 1467.70
15.00 , 1467.70
15.00 , 1467.70
15.00 , 1467.70
15.00 , 1467.70
15.00 , 1472.30
15.00 , 1472.30
15.00 , 1472.30
14.00 , 1472.30
15.00 , 1472.30
15.00 , 1472.30
15.00 , 1472.00
15.00 , 1472.00
15.00 , 1472.00
15.00 , 1472.00
15.00 , 1472.00
15.00 , 1472.00
15.00 , 1472.00
15.00 , 1472.00
15.00 , 1472.00
15.00 , 1472.00
14.00 , 1472.00
15.00 , 1472.00
15.00 , 1472.00
15.00 , 1472.00
15.00 , 1472.00
15.00 , 1472.00
15.00 , 1472.00
15.00 , 1472.00
15.00 , 1472.00
15.00 , 1472.00
15.00 , 1472.00
15.00 , 1472.00
15.00 , 1472.00
15.00 , 1472.00
15.00 , 1472.00
15.00 , 1472.00
15.00 , 1472.00
14.00 , 1472.00
15.00 , 1472.00
15.00 , 1472.00
15.00 , 1472.00
15.00 , 1472.00
15.00 , 1472.00
16.00 , 1472.00
15.00 , 1472.00
15.00 , 1472.00
15.00 , 1472.00
15.00 , 1472.00
13.00 , 1472.00
16.00 , 1466.70
15.00 , 1466.70
15.00 , 1466.70
15.00 , 1466.70
15.00 , 1466.70
15.00 , 1466.70
16.00 , 1466.00
15.00 , 1466.00
16.00 , 1466.00
15.00 , 1466.00
15.00 , 1466.00
15.00 , 1466.00
16.00 , 1465.00
15.00 , 1465.00
15.00 , 1465.00
16.00 , 1465.00
15.00 , 1465.00
15.00 , 1465.00
16.00 , 1465.00
15.00 , 1469.30
15.00 , 1469.30
15.00 , 1469.30
15.00 , 1469.30
15.00 , 1469.30
16.00 , 1469.30
15.00 , 1469.00
15.00 , 1469.00
15.00 , 1469.00
14.00 , 1469.00
15.00 , 1469.00
15.00 , 1469.00
15.00 , 1469.00
15.00 , 1469.00
14.00 , 1469.00
15.00 , 1469.00
15.00 , 1469.00
15.00 , 1469.00
15.00 , 1469.00
15.00 , 1469.00
14.00 , 1474.30
15.00 , 1474.30
15.00 , 1474.30
16.00 , 1474.30
15.00 , 1474.30
15.00 , 1474.30
14.00 , 1475.00
15.00 , 1475.00
15.00 , 1475.00
15.00 , 1475.00
15.00 , 1475.00
15.00 , 1475.00
15.00 , 1475.00
15.00 , 1470.70
15.00 , 1470.70
15.00 , 1470.70
15.00 , 1470.70
15.00 , 1470.70
15.00 , 1470.70
15.00 , 1470.70
15.00 , 1471.00
15.00 , 1471.00
15.00 , 1471.00
15.00 , 1471.00
15.00 , 1471.00
15.00 , 1471.00
15.00 , 1471.00
15.00 , 1471.00
15.00 , 1471.00
15.00 , 1471.00
15.00 , 1471.00
15.00 , 1471.00
15.00 , 1471.00
15.00 , 1471.00
15.00 , 1471.00
15.00 , 1471.00
15.00 , 1471.00
15.00 , 1471.00
15.00 , 1471.00
15.00 , 1471.00
15.00 , 1471.00
15.00 , 1471.00
15.00 , 1471.00
15.00 , 1471.00
15.00 , 1471.00
15.00 , 1471.00
15.00 , 1471.00
15.00 , 1471.00
15.00 , 1471.00
15.00 , 1471.00
15.00 , 1471.00
15.00 , 1471.00
15.00 , 1471.00
16.00 , 1465.70
15.00 , 1465.70
15.00 , 1465.70
15.00 , 1465.70
15.00 , 1465.70
15.00 , 1465.70
15.00 , 1470.30
15.00 , 1470.30
15.00 , 1470.30
15.00 , 1470.30
15.00 , 1470.30
15.00 , 1470.30
14.00 , 1475.30
15.00 , 1475.30
15.00 , 1475.30
14.00 , 1475.30
15.00 , 1475.30
14.00 , 1475.30
14.00 , 1475.30
15.00 , 1470.70
15.00 , 1470.70
15.00 , 1470.70
15.00 , 1470.70
15.00 , 1470.70
14.00 , 1470.70
15.00 , 1471.00
15.00 , 1471.00
16.00 , 1471.00
15.00 , 1471.00
15.00 , 1471.00
16.00 , 1471.00
15.00 , 1471.00
15.00 , 1471.00
15.00 , 1471.00
15.00 , 1471.00
15.00 , 1471.00
15.00 , 1471.00
15.00 , 1471.00
15.00 , 1471.00
15.00 , 1471.00
15.00 , 1471.00
15.00 , 1471.00
15.00 , 1471.00
15.00 , 1471.00
15.00 , 1471.00
15.00 , 1471.00
14.00 , 1471.00
15.00 , 1471.00
14.00 , 1471.00
15.00 , 1471.00
15.00 , 1471.00
15.00 , 1471.00
15.00 , 1471.00
15.00 , 1471.00
15.00 , 1471.00
15.00 , 1471.00
15.00 , 1471.00
14.00 , 1471.00
15.00 , 1471.00
15.00 , 1471.00
15.00 , 1471.00
15.00 , 1471.00
15.00 , 1471.00
15.00 , 1471.00
15.00 , 1471.00
15.00 , 1471.00
15.00 , 1471.00
15.00 , 1471.00
15.00 , 1471.00
15.00 , 1471.00
15.00 , 1471.00
14.00 , 1471.00
15.00 , 1471.00
15.00 , 1471.00
15.00 , 1471.00
15.00 , 1471.00
15.00 , 1471.00
15.00 , 1471.00
15.00 , 1471.00
15.00 , 1471.00
15.00 , 1471.00
15.00 , 1471.00
15.00 , 1471.00
15.00 , 1471.00
15.00 , 1471.00
15.00 , 1471.00
15.00 , 1471.00
16.00 , 1471.00
15.00 , 1471.00
15.00 , 1471.00
15.00 , 1471.00
15.00 , 1471.00
15.00 , 1471.00
15.00 , 1471.00
15.00 , 1471.00
15.00 , 1471.00
15.00 , 1471.00
15.00 , 1471.00
16.00 , 1471.00
15.00 , 1471.00
15.00 , 1471.00
16.00 , 1471.00
15.00 , 1471.00
15.00 , 1471.00
15.00 , 1471.00
15.00 , 1471.00
15.00 , 1471.00
15.00 , 1471.00
15.00 , 1471.00
15.00 , 1471.00
15.00 , 1471.00
15.00 , 1471.00
15.00 , 1471.00
15.00 , 1471.00
15.00 , 1471.00
15.00 , 1471.00
16.00 , 1471.00
15.00 , 1471.00
15.00 , 1471.00
14.00 , 1471.00
15.00 , 1471.00
15.00 , 1471.00
14.00 , 1471.00
15.00 , 1471.00
15.00 , 1471.00
14.00 , 1471.00
15.00 , 1471.00
15.00 , 1471.00
16.00 , 1471.00
15.00 , 1471.00
15.00 , 1471.00
14.00 , 1476.30
15.00 , 1476.30
15.00 , 1476.30
15.00 , 1476.30
15.00 , 1476.30
15.00 , 1476.30
16.00 , 1466.40
16.00 , 1466.40
15.00 , 1466.40
15.00 , 1466.40
15.00 , 1466.40
15.00 , 1466.40
15.00 , 1466.40
15.00 , 1471.30
15.00 , 1471.30
15.00 , 1471.30
15.00 , 1471.30
15.00 , 1471.30
16.00 , 1471.30
15.00 , 1471.00
15.00 , 1471.00
15.00 , 1471.00
15.00 , 1471.00
15.00 , 1471.00
15.00 , 1471.00
15.00 , 1471.00
15.00 , 1471.00
15.00 , 1471.00
15.00 , 1471.00
15.00 , 1471.00
15.00 , 1471.00
15.00 , 1471.00
15.00 , 1471.00
15.00 , 1471.00
15.00 , 1471.00
15.00 , 1471.00
15.00 , 1471.00
14.00 , 1471.00
15.00 , 1471.00
14.00 , 1471.00
15.00 , 1471.00
15.00 , 1471.00
15.00 , 1471.00
15.00 , 1471.00
15.00 , 1471.00
15.00 , 1471.00
15.00 , 1471.00
15.00 , 1471.00
15.00 , 1471.00
15.00 , 1471.00
15.00 , 1471.00
15.00 , 1471.00
15.00 , 1471.00
15.00 , 1471.00
15.00 , 1471.00
15.00 , 1471.00
15.00 , 1471.00
15.00 , 1471.00
15.00 , 1471.00
15.00 , 1471.00
15.00 , 1471.00
14.00 , 1471.00
15.00 , 1471.00
15.00 , 1471.00
15.00 , 1471.00
15.00 , 1471.00
15.00 , 1471.00
14.00 , 1471.00
15.00 , 1471.00
15.00 , 1471.00
15.00 , 1471.00
14.00 , 1471.00
15.00 , 1471.00
15.00 , 1471.00
15.00 , 1471.00
15.00 , 1471.00
16.00 , 1471.00
15.00 , 1471.00
15.00 , 1471.00
14.00 , 1471.00
14.00 , 1471.00
15.00 , 1471.00
15.00 , 1471.00
15.00 , 1471.00
15.00 , 1471.00
15.00 , 1471.00
16.00 , 1471.00
15.00 , 1471.00
15.00 , 1471.00
14.00 , 1476.30
15.00 , 1476.30
15.00 , 1476.30
15.00 , 1476.30
16.00 , 1476.30
15.00 , 1476.30
15.00 , 1476.30
15.00 , 1471.70
15.00 , 1471.70
15.00 , 1471.70
15.00 , 1471.70
15.00 , 1471.70
15.00 , 1471.70
15.00 , 1472.00
16.00 , 1472.00
15.00 , 1472.00
15.00 , 1472.00
15.00 , 1472.00
15.00 , 1472.00
15.00 , 1472.00
15.00 , 1472.00
15.00 , 1472.00
15.00 , 1472.00
15.00 , 1472.00
15.00 , 1472.00
15.00 , 1472.00
15.00 , 1472.00
15.00 , 1472.00
15.00 , 1472.00
15.00 , 1472.00
15.00 , 1472.00
15.00 , 1472.00
15.00 , 1472.00
15.00 , 1472.00
16.00 , 1472.00
15.00 , 1472.00
15.00 , 1472.00
15.00 , 1472.00
15.00 , 1472.00
15.00 , 1472.00
15.00 , 1472.00
15.00 , 1472.00
15.00 , 1472.00
15.00 , 1472.00
15.00 , 1472.00
15.00 , 1472.00
15.00 , 1472.00
15.00 , 1472.00
15.00 , 1472.00
15.00 , 1472.00
15.00 , 1472.00
15.00 , 1472.00
15.00 , 1472.00
15.00 , 1472.00
15.00 , 1472.00
15.00 , 1472.00
15.00 , 1472.00
15.00 , 1472.00
15.00 , 1472.00
15.00 , 1472.00
15.00 , 1472.00
15.00 , 1472.00
14.00 , 1472.00
15.00 , 1472.00
15.00 , 1472.00
15.00 , 1472.00
15.00 , 1472.00
15.00 , 1472.00
15.00 , 1472.00
15.00 , 1472.00
15.00 , 1472.00
15.00 , 1472.00
15.00 , 1472.00
15.00 , 1472.00
14.00 , 1472.00
15.00 , 1472.00
15.00 , 1472.00
15.00 , 1472.00
15.00 , 1472.00
15.00 , 1472.00
14.00 , 1477.30
14.00 , 1477.30
15.00 , 1477.30
15.00 , 1477.30
15.00 , 1477.30
15.00 , 1477.30
15.00 , 1472.70
15.00 , 1472.70
15.00 , 1472.70
15.00 , 1472.70
15.00 , 1472.70
14.00 , 1472.70
15.00 , 1473.00
15.00 , 1473.00
15.00 , 1473.00
14.00 , 1473.00
14.00 , 1473.00
15.00 , 1473.00
15.00 , 1473.00
15.00 , 1473.00
15.00 , 1473.00
14.00 , 1473.00
15.00 , 1473.00
15.00 , 1473.00
15.00 , 1473.00
16.00 , 1467.70
15.00 , 1467.70
15.00 , 1467.70
15.00 , 1467.70
15.00 , 1467.70
16.00 , 1467.70
15.00 , 1467.70
15.00 , 1472.30
15.00 , 1472.30
15.00 , 1472.30
15.00 , 1472.30
15.00 , 1472.30
15.00 , 1472.30
15.00 , 1472.30
15.00 , 1472.00
15.00 , 1472.00
15.00 , 1472.00
15.00 , 1472.00
15.00 , 1472.00
15.00 , 1472.00
15.00 , 1472.00
15.00 , 1472.00
15.00 , 1472.00
15.00 , 1472.00
15.00 , 1472.00
15.00 , 1472.00
14.00 , 1472.00
15.00 , 1472.00
15.00 , 1472.00
15.00 , 1472.00
16.00 , 1472.00
15.00 , 1472.00
15.00 , 1472.00
15.00 , 1472.00
15.00 , 1472.00
15.00 , 1472.00
15.00 , 1472.00
15.00 , 1472.00
15.00 , 1472.00
15.00 , 1472.00
15.00 , 1472.00
15.00 , 1472.00
15.00 , 1472.00
14.00 , 1472.00
14.00 , 1472.00
15.00 , 1472.00
15.00 , 1472.00
15.00 , 1472.00
15.00 , 1472.00
16.00 , 1472.00
15.00 , 1472.00
15.00 , 1472.00
15.00 , 1472.00
15.00 , 1472.00
15.00 , 1472.00
15.00 , 1472.00
15.00 , 1472.00
15.00 , 1472.00
15.00 , 1472.00
15.00 , 1472.00
15.00 , 1472.00
15.00 , 1472.00
15.00 , 1472.00
15.00 , 1472.00
15.00 , 1472.00
15.00 , 1472.00
15.00 , 1472.00
14.00 , 1472.00
15.00 , 1472.00
15.00 , 1472.00
15.00 , 1472.00
15.00 , 1472.00
15.00 , 1472.00
15.00 , 1472.00
15.00 , 1472.00
15.00 , 1472.00
16.00 , 1472.00
15.00 , 1472.00
15.00 , 1472.00
15.00 , 1472.00
14.00 , 1472.00
16.00 , 1472.00
15.00 , 1472.00
15.00 , 1472.00
15.00 , 1472.00
14.00 , 1472.00
15.00 , 1472.00
15.00 , 1472.00
15.00 , 1472.00
15.00 , 1472.00
15.00 , 1472.00
15.00 , 1472.00
15.00 , 1472.00
15.00 , 1472.00
15.00 , 1472.00
15.00 , 1472.00
15.00 , 1472.00
14.00 , 1472.00
15.00 , 1472.00
15.00 , 1472.00
14.00 , 1472.00
15.00 , 1472.00
15.00 , 1472.00
15.00 , 1472.00
15.00 , 1472.00
15.00 , 1472.00
15.00 , 1472.00
15.00 , 1472.00
15.00 , 1472.00
15.00 , 1472.00
15.00 , 1472.00
15.00 , 1472.00
15.00 , 1472.00
15.00 , 1472.00
15.00 , 1472.00
15.00 , 1472.00
15.00 , 1472.00
16.00 , 1472.00
15.00 , 1472.00
15.00 , 1472.00
15.00 , 1472.00
15.00 , 1472.00
15.00 , 1472.00
15.00 , 1472.00
15.00 , 1472.00
16.00 , 1466.70
15.00 , 1466.70
15.00 , 1466.70
15.00 , 1466.70
15.00 , 1466.70
14.00 , 1466.70
15.00 , 1471.30
15.00 , 1471.30
15.00 , 1471.30
16.00 , 1471.30
15.00 , 1471.30
15.00 , 1471.30
15.00 , 1471.30
15.00 , 1471.00
14.00 , 1471.00
15.00 , 1471.00
15.00 , 1471.00
15.00 , 1471.00
15.00 , 1471.00
15.00 , 1471.00
15.00 , 1471.00
15.00 , 1471.00
15.00 , 1471.00
15.00 , 1471.00
15.00 , 1471.00
15.00 , 1471.00
16.00 , 1471.00
15.00 , 1471.00
15.00 , 1471.00
15.00 , 1471.00
15.00 , 1471.00
16.00 , 1465.70
15.00 , 1465.70
15.00 , 1465.70
15.00 , 1465.70
15.00 , 1465.70
16.00 , 1465.70
15.00 , 1465.70
15.00 , 1470.30
15.00 , 1470.30
15.00 , 1470.30
15.00 , 1470.30
15.00 , 1470.30
16.00 , 1470.30
15.00 , 1470.30
15.00 , 1470.00
15.00 , 1470.00
15.00 , 1470.00
15.00 , 1470.00
14.00 , 1470.00
15.00 , 1470.00
15.00 , 1470.00
15.00 , 1470.00
15.00 , 1470.00
15.00 , 1470.00
14.00 , 1470.00
15.00 , 1470.00
15.00 , 1470.00
15.00 , 1470.00
15.00 , 1470.00
15.00 , 1470.00
15.00 , 1470.00
15.00 , 1470.00
15.00 , 1470.00
16.00 , 1464.70
15.00 , 1464.70
15.00 , 1464.70
14.00 , 1464.70
15.00 , 1464.70
16.00 , 1464.70
15.00 , 1469.30
15.00 , 1469.30
15.00 , 1469.30
15.00 , 1469.30
14.00 , 1469.30
15.00 , 1469.30
15.00 , 1469.30
15.00 , 1469.00
15.00 , 1469.00
15.00 , 1469.00
15.00 , 1469.00
15.00 , 1469.00
15.00 , 1469.00
15.00 , 1469.00
15.00 , 1469.00
14.00 , 1469.00
15.00 , 1469.00
15.00 , 1469.00
15.00 , 1469.00
15.00 , 1469.00
15.00 , 1469.00
15.00 , 1469.00
15.00 , 1469.00
15.00 , 1469.00
15.00 , 1469.00
16.00 , 1469.00
15.00 , 1469.00
15.00 , 1469.00
15.00 , 1469.00
15.00 , 1469.00
15.00 , 1469.00
15.00 , 1469.00
15.00 , 1469.00
15.00 , 1469.00
15.00 , 1469.00
15.00 , 1469.00
15.00 , 1469.00
15.00 , 1469.00
15.00 , 1469.00
15.00 , 1469.00
17.00 , 1458.40
15.00 , 1458.40
15.00 , 1458.40
15.00 , 1458.40
16.00 , 1458.40
15.00 , 1458.40
15.00 , 1458.40
15.00 , 1467.60
15.00 , 1467.60
15.00 , 1467.60
15.00 , 1467.60
15.00 , 1467.60
15.00 , 1467.60
15.00 , 1467.00
15.00 , 1467.00
15.00 , 1467.00
15.00 , 1467.00
15.00 , 1467.00
15.00 , 1467.00
15.00 , 1467.00
15.00 , 1467.00
15.00 , 1467.00
15.00 , 1467.00
15.00 , 1467.00
15.00 , 1467.00
14.00 , 1467.00
15.00 , 1467.00
16.00 , 1461.70
15.00 , 1461.70
15.00 , 1461.70
15.00 , 1461.70
15.00 , 1461.70
15.00 , 1461.70
16.00 , 1461.00
15.00 , 1461.00
15.00 , 1461.00
15.00 , 1461.00
15.00 , 1461.00
15.00 , 1461.00
15.00 , 1461.00
15.00 , 1465.30
15.00 , 1465.30
15.00 , 1465.30
15.00 , 1465.30
15.00 , 1465.30
15.00 , 1465.30
13.00 , 1475.60
15.00 , 1475.60
15.00 , 1475.60
15.00 , 1475.60
15.00 , 1475.60
15.00 , 1475.60
15.00 , 1466.40
15.00 , 1466.40
15.00 , 1466.40
14.00 , 1466.40
15.00 , 1466.40
15.00 , 1466.40
14.00 , 1466.40
15.00 , 1467.00
15.00 , 1467.00
15.00 , 1467.00
15.00 , 1467.00
15.00 , 1467.00
15.00 , 1467.00
15.00 , 1467.00
15.00 , 1467.00
15.00 , 1467.00
15.00 , 1467.00
15.00 , 1467.00
15.00 , 1467.00
15.00 , 1467.00
15.00 , 1467.00
14.00 , 1467.00
15.00 , 1467.00
15.00 , 1467.00
15.00 , 1467.00
15.00 , 1467.00
15.00 , 1467.00
15.00 , 1467.00
15.00 , 1467.00
15.00 , 1467.00
15.00 , 1467.00
15.00 , 1467.00
15.00 , 1467.00
14.00 , 1472.30
15.00 , 1472.30
15.00 , 1472.30
15.00 , 1472.30
15.00 , 1472.30
15.00 , 1472.30
15.00 , 1472.30
15.00 , 1467.70
15.00 , 1467.70
15.00 , 1467.70
15.00 , 1467.70
14.00 , 1467.70
15.00 , 1467.70
15.00 , 1467.70
15.00 , 1468.00
16.00 , 1468.00
15.00 , 1468.00
15.00 , 1468.00
15.00 , 1468.00
15.00 , 1468.00
15.00 , 1468.00
15.00 , 1468.00
15.00 , 1468.00
15.00 , 1468.00
15.00 , 1468.00
15.00 , 1468.00
15.00 , 1468.00
14.00 , 1473.30
15.00 , 1473.30
15.00 , 1473.30
14.00 , 1473.30
15.00 , 1473.30
15.00 , 